1 gi|1 8827 9009
2 gi|1 8939 9107
3 gi|1 9475 9968
4 gi|1 18804 18888
5 gi|1 20213 21774
6 gi|1 22172 22302
7 gi|1 22370 22507
8 gi|1 34186 34384
9 gi|1 34462 34746
10 gi|1 35426 35923
11 gi|1 37239 37827
12 gi|1 37664 38794
13 gi|10 12087 12236
14 gi|10 25346 25417
15 gi|10 25731 25891
16 gi|10 26307 26419
17 gi|10 28623 31725
18 gi|10 37971 38127
19 gi|10 38125 38900
20 gi|10 38991 39936
21 gi|100 1 30949
22 gi|101 20691 20881
23 gi|101 22339 22980
24 gi|101 33113 33237
25 gi|101 33426 33517
26 gi|101 37569 37663
27 gi|101 37705 37890
28 gi|101 37888 38231
29 gi|101 38232 38370
30 gi|102 2954 3210
31 gi|102 5261 5355
32 gi|102 14033 14105
33 gi|102 14351 14732
34 gi|102 15231 15655
35 gi|102 17015 17203
36 gi|102 19488 20086
37 gi|102 20089 20217
38 gi|102 20229 20387
39 gi|102 20386 20493
40 gi|102 20520 20666
41 gi|102 20678 20805
42 gi|102 20847 20977
43 gi|102 20989 21190
44 gi|102 21198 21245
45 gi|102 21873 22648
46 gi|102 31917 31992
47 gi|102 32428 34182
48 gi|102 34551 35595
49 gi|102 36992 37123
50 gi|102 38491 38673
51 gi|102 39109 39651
52 gi|103 5058 5431
53 gi|103 6615 6736
54 gi|103 14469 14569
55 gi|103 22480 22572
56 gi|103 34803 35169
57 gi|103 36986 37060
58 gi|103 39362 39417
59 gi|104 1 412
60 gi|104 920 1331
61 gi|104 1335 1535
62 gi|104 1625 1749
63 gi|104 2072 2441
64 gi|104 3071 3326
65 gi|104 3469 4118
66 gi|104 5309 5428
67 gi|104 5487 5590
68 gi|104 5904 6071
69 gi|104 8980 9096
70 gi|104 10955 11674
71 gi|104 16612 16889
72 gi|104 18334 19167
73 gi|104 20057 20805
74 gi|104 22850 22899
75 gi|104 24419 24521
76 gi|104 26321 26362
77 gi|104 26866 27325
78 gi|104 27761 27807
79 gi|104 28280 28929
80 gi|104 29072 29327
81 gi|104 29963 30218
82 gi|104 30636 30772
83 gi|104 31405 32788
84 gi|104 33224 33533
85 gi|104 33804 33878
86 gi|104 34234 34676
87 gi|104 34763 34835
88 gi|104 35108 35222
89 gi|104 37670 37744
90 gi|104 39106 39215
91 gi|105 3649 4121
92 gi|105 8280 9811
93 gi|105 12871 13601
94 gi|105 15022 15203
95 gi|105 16325 17346
96 gi|105 17926 18030
97 gi|105 21214 21570
98 gi|105 24256 24352
99 gi|105 24790 25081
100 gi|105 27691 27776
101 gi|105 34125 34180
102 gi|105 34182 35077
103 gi|105 36399 37391
104 gi|106 1 70
105 gi|106 91 124
106 gi|106 206 276
107 gi|106 655 1003
108 gi|106 3059 3228
109 gi|106 5707 5961
110 gi|106 7674 8056
111 gi|106 8385 8453
112 gi|106 8725 8811
113 gi|106 9960 9995
114 gi|106 12512 12707
115 gi|106 13738 13816
116 gi|106 14648 14793
117 gi|106 14754 14921
118 gi|106 14922 14956
119 gi|106 16131 16473
120 gi|106 16433 16604
121 gi|106 16867 16966
122 gi|106 17481 17888
123 gi|106 23286 23410
124 gi|106 23945 24098
125 gi|106 24213 24456
126 gi|106 24472 24638
127 gi|106 24890 24969
128 gi|106 24997 25107
129 gi|106 25272 25376
130 gi|106 25403 25561
131 gi|106 26299 26969
132 gi|106 30847 30983
133 gi|107 9408 9519
134 gi|107 14023 14523
135 gi|107 15181 15378
136 gi|107 20786 21416
137 gi|107 21898 22061
138 gi|107 22065 22149
139 gi|107 22340 22499
140 gi|107 22470 22761
141 gi|107 23739 23889
142 gi|107 25051 25341
143 gi|107 33154 33494
144 gi|107 36484 36803
145 gi|107 38738 39437
146 gi|107 39699 39762
147 gi|107 39767 39913
148 gi|108 1 3006
149 gi|109 603 2933
150 gi|109 4010 4640
151 gi|109 4670 5407
152 gi|109 19774 19909
153 gi|109 22643 23287
154 gi|109 23379 23643
155 gi|109 24230 24767
156 gi|109 25754 26255
157 gi|109 27268 27648
158 gi|109 33317 33485
159 gi|109 33841 34037
160 gi|109 34308 34639
161 gi|109 34828 34862
162 gi|109 35119 35278
163 gi|109 35266 35563
164 gi|109 36995 37098
165 gi|109 38854 39186
166 gi|11 242 368
167 gi|11 374 495
168 gi|11 634 2069
169 gi|11 2067 2159
170 gi|11 4771 5323
171 gi|11 5332 5611
172 gi|11 6081 6681
173 gi|11 6773 6927
174 gi|11 9770 9872
175 gi|11 20089 20222
176 gi|11 21057 21193
177 gi|11 27983 29870
178 gi|11 29984 30462
179 gi|110 521 779
180 gi|110 904 957
181 gi|110 972 1072
182 gi|110 1262 3266
183 gi|110 3277 3338
184 gi|110 6208 6341
185 gi|110 17845 18051
186 gi|111 11275 11401
187 gi|111 12613 13341
188 gi|111 23045 23646
189 gi|112 16428 16942
190 gi|112 16941 17264
191 gi|112 17814 17985
192 gi|112 19160 19349
193 gi|112 19355 19422
194 gi|112 19668 19775
195 gi|112 20017 22226
196 gi|112 23065 23222
197 gi|112 23398 23468
198 gi|112 23496 25743
199 gi|112 30061 30624
200 gi|113 14597 14738
201 gi|113 14886 15069
202 gi|113 28825 29533
203 gi|113 29519 29959
204 gi|113 29957 30176
205 gi|113 30176 30402
206 gi|113 30728 32280
207 gi|113 32611 32733
208 gi|113 33584 33872
209 gi|113 34505 35286
210 gi|114 2 169
211 gi|114 30294 30636
212 gi|115 1 1379
213 gi|116 13434 13887
214 gi|116 14484 14980
215 gi|116 15848 17221
216 gi|116 17346 17772
217 gi|116 18052 18155
218 gi|116 19952 20135
219 gi|116 21063 21241
220 gi|116 21164 21387
221 gi|117 103 1758
222 gi|117 1805 1941
223 gi|117 2151 3762
224 gi|117 3767 3896
225 gi|117 5593 6144
226 gi|117 7437 7796
227 gi|117 9761 9921
228 gi|117 12078 12281
229 gi|117 12382 12512
230 gi|117 25549 26615
231 gi|117 27299 27398
232 gi|117 27763 27913
233 gi|118 2601 3141
234 gi|118 4274 4387
235 gi|118 5411 5638
236 gi|118 17262 17448
237 gi|118 31634 31844
238 gi|119 4783 4854
239 gi|119 6489 7191
240 gi|119 9524 9619
241 gi|119 13611 14345
242 gi|119 20992 21112
243 gi|119 28151 28364
244 gi|119 32451 32695
245 gi|119 33212 33689
246 gi|119 33955 34283
247 gi|119 37061 37389
248 gi|119 37655 38132
249 gi|119 38649 38893
250 gi|12 13645 13872
251 gi|12 26874 26953
252 gi|12 27541 28346
253 gi|12 34783 34986
254 gi|12 36550 36654
255 gi|12 36952 37013
256 gi|120 2 162
257 gi|120 163 262
258 gi|120 269 918
259 gi|120 12265 12433
260 gi|120 12505 13171
261 gi|120 14628 14764
262 gi|120 14833 15147
263 gi|120 15190 16063
264 gi|120 16182 16526
265 gi|120 30069 30253
266 gi|121 5215 5296
267 gi|121 9706 9838
268 gi|121 11164 11236
269 gi|121 16077 16551
270 gi|121 17495 17834
271 gi|121 18115 18646
272 gi|121 18634 19283
273 gi|121 20361 20835
274 gi|121 21237 22149
275 gi|121 22397 22848
276 gi|121 22913 22966
277 gi|121 23073 23414
278 gi|121 26951 26983
279 gi|121 29406 29506
280 gi|121 31918 32496
281 gi|121 34886 35883
282 gi|122 26979 27253
283 gi|122 27246 27335
284 gi|123 3070 3344
285 gi|123 4016 4179
286 gi|123 4222 4500
287 gi|123 4758 4844
288 gi|123 4827 4949
289 gi|123 6925 7343
290 gi|123 7582 7628
291 gi|123 10635 10791
292 gi|123 10863 11647
293 gi|123 15663 16091
294 gi|123 19330 22893
295 gi|123 32447 34868
296 gi|123 35142 35878
297 gi|123 39223 39682
298 gi|123 39757 40117
299 gi|124 1299 1773
300 gi|124 2534 2904
301 gi|124 4420 4652
302 gi|124 7988 8199
303 gi|124 14832 15095
304 gi|124 16565 16891
305 gi|124 20481 20786
306 gi|124 22967 23032
307 gi|124 23804 24044
308 gi|124 25297 25545
309 gi|124 26833 27122
310 gi|124 27443 27515
311 gi|124 27523 27582
312 gi|124 27989 28119
313 gi|124 29654 30454
314 gi|124 32500 32591
315 gi|124 33219 35819
316 gi|124 35185 37109
317 gi|124 36218 38201
318 gi|124 37569 39015
319 gi|124 39280 39519
320 gi|124 39871 39960
321 gi|125 17647 17731
322 gi|125 18056 18766
323 gi|125 19028 19727
324 gi|125 26328 26758
325 gi|126 12628 12697
326 gi|126 12676 12770
327 gi|126 13310 13449
328 gi|126 13617 13817
329 gi|126 24203 24251
330 gi|126 25815 25868
331 gi|126 26622 26977
332 gi|126 33241 33575
333 gi|126 34755 35125
334 gi|126 35025 35379
335 gi|126 35324 35547
336 gi|126 35581 35796
337 gi|126 35794 35861
338 gi|126 37072 37394
339 gi|126 38346 38594
340 gi|127 8563 8680
341 gi|127 13920 15377
342 gi|127 18003 18787
343 gi|127 18842 19231
344 gi|128 1 3576
345 gi|128 18741 18930
346 gi|129 582 1418
347 gi|129 1727 2046
348 gi|129 1954 2725
349 gi|129 4311 4392
350 gi|129 6778 6902
351 gi|129 7695 7762
352 gi|129 11086 11153
353 gi|129 12904 13084
354 gi|129 13619 13808
355 gi|129 14969 15818
356 gi|129 17268 18466
357 gi|129 18600 18648
358 gi|129 19112 21762
359 gi|129 23609 24164
360 gi|129 24752 24995
361 gi|129 28850 30527
362 gi|129 31097 31792
363 gi|129 34404 35498
364 gi|129 35479 35698
365 gi|129 35824 36275
366 gi|129 36408 37632
367 gi|129 37825 38571
368 gi|129 39547 39707
369 gi|13 15956 16197
370 gi|13 23302 23444
371 gi|13 23570 23645
372 gi|13 24109 25845
373 gi|13 26214 27128
374 gi|13 28655 28786
375 gi|13 30157 30336
376 gi|13 30806 31329
377 gi|13 31612 32155
378 gi|13 32582 32764
379 gi|13 34131 34262
380 gi|13 35659 36703
381 gi|13 37072 38826
382 gi|13 39252 39327
383 gi|130 14500 16623
384 gi|130 16685 16827
385 gi|130 17781 17874
386 gi|131 577 988
387 gi|131 6872 7130
388 gi|131 7325 8006
389 gi|131 7992 8097
390 gi|131 8376 8538
391 gi|131 9144 9218
392 gi|131 10504 10930
393 gi|131 10964 11480
394 gi|131 14824 15557
395 gi|131 16000 18229
396 gi|131 18302 19063
397 gi|131 20442 21773
398 gi|131 29514 29637
399 gi|131 30185 30297
400 gi|131 31170 31283
401 gi|131 32214 32649
402 gi|131 32817 33029
403 gi|131 35705 35821
404 gi|131 36002 36145
405 gi|131 36778 37151
406 gi|131 37705 40000
407 gi|132 19198 19355
408 gi|132 23985 24342
409 gi|132 29717 29900
410 gi|132 33328 33629
411 gi|132 33951 34276
412 gi|132 34284 35808
413 gi|132 37404 37544
414 gi|132 37658 37708
415 gi|132 37993 38331
416 gi|133 2 105
417 gi|133 2892 3220
418 gi|133 3184 3298
419 gi|133 7275 7392
420 gi|133 8819 9132
421 gi|133 10179 10223
422 gi|133 10216 10306
423 gi|133 11125 11306
424 gi|133 15217 15508
425 gi|133 16325 16526
426 gi|133 16857 17072
427 gi|133 20273 20336
428 gi|133 23001 25995
429 gi|133 25940 28398
430 gi|133 28720 29474
431 gi|133 32966 33266
432 gi|133 33218 34054
433 gi|133 37938 38243
434 gi|134 902 2435
435 gi|134 2928 3036
436 gi|134 10656 11183
437 gi|134 13106 13188
438 gi|134 13758 14459
439 gi|134 20632 20836
440 gi|134 25113 25247
441 gi|134 25781 25930
442 gi|134 26250 26409
443 gi|134 26393 26975
444 gi|134 28889 29002
445 gi|134 30437 31532
446 gi|134 36688 36766
447 gi|135 11711 11792
448 gi|135 11777 12329
449 gi|135 12673 12806
450 gi|135 38472 38537
451 gi|136 12413 12472
452 gi|136 12528 12691
453 gi|136 30206 30261
454 gi|137 2 17794
455 gi|137 17798 18313
456 gi|137 18292 18813
457 gi|137 18757 19224
458 gi|137 19126 19794
459 gi|137 19829 20145
460 gi|137 20143 20229
461 gi|137 20315 20592
462 gi|137 20517 20743
463 gi|137 20709 22403
464 gi|137 22382 22523
465 gi|137 22486 22941
466 gi|137 23087 23697
467 gi|137 23640 24002
468 gi|138 10 25695
469 gi|139 4100 5198
470 gi|139 7626 8024
471 gi|14 21661 21972
472 gi|14 21981 22060
473 gi|14 23384 23424
474 gi|140 14163 14682
475 gi|140 15162 16741
476 gi|140 16738 17285
477 gi|140 18834 19620
478 gi|140 20116 20184
479 gi|140 21723 22172
480 gi|140 22793 23041
481 gi|140 32457 33403
482 gi|140 33325 33570
483 gi|140 33848 33911
484 gi|140 34421 34565
485 gi|140 36604 37350
486 gi|140 38370 38442
487 gi|140 38829 39183
488 gi|141 451 3416
489 gi|141 4038 4216
490 gi|141 4219 5755
491 gi|141 6438 6583
492 gi|141 7262 12033
493 gi|141 12025 14675
494 gi|141 15006 25860
495 gi|141 26772 26880
496 gi|141 26872 26997
497 gi|141 27627 27737
498 gi|141 28692 28915
499 gi|141 28985 30116
500 gi|141 30108 30693
501 gi|141 31631 31851
502 gi|141 32565 32749
503 gi|141 33673 34837
504 gi|141 35338 37602
505 gi|141 37827 37896
506 gi|141 38153 38230
507 gi|141 38252 39277
508 gi|142 5468 5685
509 gi|142 7609 8964
510 gi|142 9074 9704
511 gi|142 10265 11528
512 gi|142 12032 12251
513 gi|142 12995 14092
514 gi|142 14322 14539
515 gi|142 15036 15201
516 gi|142 22154 22481
517 gi|142 22742 23020
518 gi|142 26328 27135
519 gi|142 27138 28286
520 gi|142 31245 31389
521 gi|142 31727 31895
522 gi|142 31874 33025
523 gi|142 34175 34245
524 gi|143 8756 9085
525 gi|143 9901 10037
526 gi|143 34290 34759
527 gi|143 34938 34986
528 gi|143 35269 35518
529 gi|143 39231 40152
530 gi|144 7342 7479
531 gi|144 8325 8462
532 gi|144 9195 9943
533 gi|144 10703 10886
534 gi|144 13969 14132
535 gi|144 22913 24400
536 gi|144 28639 29524
537 gi|144 31064 31684
538 gi|144 31625 31954
539 gi|144 34060 34135
540 gi|144 37602 37642
541 gi|144 37641 37677
542 gi|145 2274 3224
543 gi|145 5609 6170
544 gi|145 6357 6506
545 gi|145 13353 14060
546 gi|145 16694 16886
547 gi|145 17349 18020
548 gi|145 21115 21273
549 gi|145 21274 21339
550 gi|145 21718 21789
551 gi|145 23554 23605
552 gi|145 26482 27188
553 gi|145 29806 30367
554 gi|145 30595 30704
555 gi|145 35382 35448
556 gi|145 36530 37472
557 gi|145 38788 39158
558 gi|145 39787 40013
559 gi|146 7367 7840
560 gi|146 19173 19258
561 gi|146 22927 23477
562 gi|146 23816 24472
563 gi|146 26340 26519
564 gi|146 26738 26814
565 gi|147 529 1307
566 gi|147 6661 7602
567 gi|147 7609 7854
568 gi|147 9146 11663
569 gi|147 11655 12168
570 gi|147 15413 15503
571 gi|147 15501 15618
572 gi|147 16267 16938
573 gi|147 17165 17322
574 gi|147 20492 20801
575 gi|147 22793 22962
576 gi|147 25400 25835
577 gi|147 34755 35206
578 gi|147 36875 36941
579 gi|148 145 524
580 gi|148 736 1877
581 gi|148 2127 2358
582 gi|148 7069 7497
583 gi|148 8301 8571
584 gi|148 23377 23534
585 gi|148 26627 27448
586 gi|148 27278 27677
587 gi|148 27679 27728
588 gi|148 29213 29982
589 gi|148 37645 38003
590 gi|149 2 41715
591 gi|15 946 1144
592 gi|15 3219 4194
593 gi|15 11100 11356
594 gi|15 17394 17643
595 gi|15 18666 18796
596 gi|15 21512 22016
597 gi|15 22345 22640
598 gi|15 22754 23287
599 gi|15 24021 24110
600 gi|15 24366 24439
601 gi|15 24421 24510
602 gi|15 24635 24755
603 gi|15 24906 25677
604 gi|15 27221 28652
605 gi|15 28652 28737
606 gi|15 29078 29246
607 gi|15 32851 33034
608 gi|15 34041 34227
609 gi|15 34689 36445
610 gi|15 36982 37528
611 gi|15 37533 38117
612 gi|150 11336 11496
613 gi|150 15420 15602
614 gi|150 16076 16341
615 gi|150 23038 23363
616 gi|150 32701 32789
617 gi|150 35159 35370
618 gi|150 38626 39193
619 gi|150 39470 39627
620 gi|150 39795 40106
621 gi|151 552 708
622 gi|151 1649 1714
623 gi|151 3626 3943
624 gi|151 4075 5435
625 gi|151 5430 7440
626 gi|151 7477 9478
627 gi|151 10995 11274
628 gi|151 11393 11534
629 gi|151 17045 17113
630 gi|151 19029 19113
631 gi|152 2 3314
632 gi|152 3574 3788
633 gi|152 4045 12854
634 gi|152 13131 13347
635 gi|152 13604 22423
636 gi|152 22684 22898
637 gi|152 23155 32392
638 gi|152 32707 41478
639 gi|153 5422 5816
640 gi|153 8451 8526
641 gi|153 8775 8934
642 gi|153 9189 9301
643 gi|153 10512 10727
644 gi|153 10724 11319
645 gi|153 12409 12495
646 gi|153 12629 14165
647 gi|153 14848 14993
648 gi|153 15672 20442
649 gi|153 20413 22245
650 gi|153 23320 24717
651 gi|153 24711 27743
652 gi|153 27349 38263
653 gi|153 38950 39059
654 gi|153 39129 39254
655 gi|154 737 1338
656 gi|154 9417 9550
657 gi|154 11420 11718
658 gi|154 12693 12956
659 gi|154 17605 17724
660 gi|154 20569 20808
661 gi|154 20737 21056
662 gi|154 27685 27896
663 gi|154 28427 28537
664 gi|154 31171 31248
665 gi|154 31972 32062
666 gi|154 32130 32346
667 gi|154 32692 32973
668 gi|154 33155 33310
669 gi|154 33885 34583
670 gi|154 34893 35030
671 gi|154 38443 38993
672 gi|155 1 1986
673 gi|155 2426 4437
674 gi|155 4862 6112
675 gi|155 6757 7424
676 gi|155 25218 25341
677 gi|155 25568 25648
678 gi|156 7 438
679 gi|156 3675 3976
680 gi|156 4184 4495
681 gi|156 5175 5396
682 gi|156 5355 5555
683 gi|156 24485 24891
684 gi|156 26502 26552
685 gi|156 26548 26842
686 gi|156 27422 29089
687 gi|157 1 33146
688 gi|158 13833 14863
689 gi|158 21006 21873
690 gi|159 437 1819
691 gi|159 2365 2529
692 gi|159 3914 4165
693 gi|159 4483 4857
694 gi|159 5226 5390
695 gi|159 5676 5936
696 gi|159 6617 6703
697 gi|159 21415 21560
698 gi|159 21721 21779
699 gi|159 25414 25611
700 gi|159 25782 26376
701 gi|159 27285 27459
702 gi|159 32283 32374
703 gi|159 32805 32848
704 gi|159 36383 36642
705 gi|159 37082 37214
706 gi|16 1 795
707 gi|16 1464 1532
708 gi|16 1627 1681
709 gi|16 2745 3368
710 gi|16 4022 4272
711 gi|16 6064 6423
712 gi|16 7533 7875
713 gi|16 13464 13837
714 gi|16 13910 14131
715 gi|16 14462 14917
716 gi|16 15452 16557
717 gi|16 16616 16842
718 gi|16 16854 18415
719 gi|16 18414 18706
720 gi|16 18709 19488
721 gi|16 21485 21598
722 gi|16 21570 21695
723 gi|16 21722 22127
724 gi|16 29344 29412
725 gi|16 29838 30379
726 gi|16 30460 30790
727 gi|16 30792 30974
728 gi|16 31198 31278
729 gi|16 35871 36528
730 gi|160 4587 4864
731 gi|160 6533 6711
732 gi|160 7083 7531
733 gi|160 7600 8492
734 gi|160 8473 9559
735 gi|160 11210 11350
736 gi|160 12002 12903
737 gi|160 16325 16449
738 gi|160 16504 17262
739 gi|160 17398 17546
740 gi|160 20518 21567
741 gi|160 23632 23738
742 gi|160 35117 36313
743 gi|160 36795 37360
744 gi|160 37969 38165
745 gi|161 2713 2761
746 gi|161 2781 3234
747 gi|161 3760 3861
748 gi|161 5416 5708
749 gi|161 11893 12063
750 gi|161 14894 16220
751 gi|161 16638 16769
752 gi|161 16782 16920
753 gi|161 20052 20368
754 gi|161 21467 21731
755 gi|161 23681 25047
756 gi|161 31339 32067
757 gi|161 32714 32991
758 gi|161 32976 33627
759 gi|161 34192 35575
760 gi|161 35243 38771
761 gi|162 15949 16028
762 gi|162 19931 19961
763 gi|162 24193 24260
764 gi|162 30459 30577
765 gi|162 32334 32436
766 gi|163 7618 8674
767 gi|163 17600 18311
768 gi|163 19171 19382
769 gi|163 23171 23245
770 gi|164 20747 20840
771 gi|164 20954 21046
772 gi|164 21599 21741
773 gi|164 23557 23682
774 gi|164 24416 24732
775 gi|164 25002 25641
776 gi|164 26764 27365
777 gi|164 37670 37739
778 gi|164 37991 38367
779 gi|165 467 873
780 gi|165 1332 1381
781 gi|165 14554 14735
782 gi|165 15087 15224
783 gi|165 15410 16100
784 gi|165 16247 16332
785 gi|165 17412 17554
786 gi|165 17804 21408
787 gi|165 23158 23864
788 gi|165 23879 23961
789 gi|165 23997 24078
790 gi|165 24091 24667
791 gi|165 25372 26071
792 gi|165 27283 28014
793 gi|165 28008 28830
794 gi|165 29394 30138
795 gi|165 32313 33711
796 gi|165 35384 35816
797 gi|165 36385 36976
798 gi|165 37115 37233
799 gi|166 2973 6053
800 gi|166 6090 6207
801 gi|166 8388 8418
802 gi|166 10331 10361
803 gi|166 17672 17773
804 gi|166 17836 17981
805 gi|166 19596 19675
806 gi|166 20298 20413
807 gi|166 20361 20712
808 gi|166 21572 21825
809 gi|166 29480 30299
810 gi|166 30301 30600
811 gi|166 30575 30684
812 gi|166 31199 32332
813 gi|167 845 987
814 gi|167 1519 2309
815 gi|167 2843 3325
816 gi|167 3579 3673
817 gi|167 5399 5791
818 gi|167 6129 6251
819 gi|167 9039 9257
820 gi|167 15968 16076
821 gi|167 16958 17123
822 gi|167 17130 17278
823 gi|167 17277 17568
824 gi|167 35758 36196
825 gi|168 452 2572
826 gi|168 2783 5694
827 gi|168 7164 8043
828 gi|168 8383 8534
829 gi|168 13030 13502
830 gi|168 21498 21783
831 gi|168 21919 22005
832 gi|168 22409 22835
833 gi|168 23907 24128
834 gi|168 25085 25315
835 gi|168 26675 26935
836 gi|168 27069 27180
837 gi|168 27906 28153
838 gi|168 28142 28317
839 gi|169 49 691
840 gi|169 3509 4391
841 gi|169 6444 7523
842 gi|169 8034 8213
843 gi|169 8388 8578
844 gi|169 8871 10432
845 gi|169 11308 13238
846 gi|169 17558 17756
847 gi|169 24391 24458
848 gi|169 26215 26354
849 gi|169 26860 26951
850 gi|169 31234 31347
851 gi|169 33175 33255
852 gi|169 35532 35801
853 gi|169 35966 37303
854 gi|169 37270 37575
855 gi|169 38235 38312
856 gi|169 38402 38586
857 gi|169 39482 39682
858 gi|17 8550 8971
859 gi|17 13229 13288
860 gi|17 16443 16498
861 gi|17 17457 18487
862 gi|17 23518 24079
863 gi|17 24498 24587
864 gi|17 24699 24878
865 gi|17 31051 31469
866 gi|17 31992 32047
867 gi|17 35432 35458
868 gi|170 3845 4179
869 gi|170 6758 7203
870 gi|170 7727 8012
871 gi|170 11227 11819
872 gi|170 11954 12124
873 gi|170 18850 18913
874 gi|170 19037 19302
875 gi|170 19509 19566
876 gi|170 25860 26370
877 gi|170 26665 27186
878 gi|170 27191 27297
879 gi|171 5357 6028
880 gi|171 8100 8371
881 gi|171 10440 10912
882 gi|171 12041 12547
883 gi|171 13028 13808
884 gi|171 13862 13897
885 gi|171 20214 20614
886 gi|171 20873 24108
887 gi|171 32569 32992
888 gi|171 33945 34087
889 gi|171 34422 34590
890 gi|172 11700 12643
891 gi|172 18928 20502
892 gi|172 21123 21409
893 gi|172 25801 25930
894 gi|172 25959 26589
895 gi|173 11510 12046
896 gi|173 13850 13907
897 gi|173 27560 28746
898 gi|173 30984 31181
899 gi|174 3566 3877
900 gi|174 5712 5795
901 gi|174 7070 7668
902 gi|174 8205 8348
903 gi|174 9290 9449
904 gi|174 9465 9695
905 gi|174 9692 9840
906 gi|174 14045 14172
907 gi|174 14388 15115
908 gi|174 31767 32037
909 gi|174 33891 34073
910 gi|174 34453 34570
911 gi|174 36541 36598
912 gi|174 37144 37285
913 gi|174 39392 39657
914 gi|175 22091 22343
915 gi|176 5042 5374
916 gi|176 6647 7198
917 gi|176 7728 7821
918 gi|176 8866 9104
919 gi|176 9221 9295
920 gi|176 11230 11448
921 gi|176 12095 13078
922 gi|176 14754 14859
923 gi|176 20291 20912
924 gi|176 21556 23245
925 gi|176 25777 25886
926 gi|176 26220 26347
927 gi|176 27374 27945
928 gi|176 30295 30418
929 gi|176 31012 31206
930 gi|176 34398 34658
931 gi|176 35335 36188
932 gi|176 37059 37213
933 gi|177 519 1942
934 gi|177 3351 4876
935 gi|177 6333 7050
936 gi|177 12657 12743
937 gi|177 14058 14099
938 gi|177 24920 25719
939 gi|177 25663 26196
940 gi|177 26763 27733
941 gi|177 27734 28355
942 gi|177 35242 36607
943 gi|177 36601 37438
944 gi|177 37759 39006
945 gi|178 650 1331
946 gi|178 6246 6332
947 gi|178 21449 21584
948 gi|178 26423 26875
949 gi|178 27159 27315
950 gi|179 1292 1614
951 gi|179 2050 2305
952 gi|179 3466 4498
953 gi|179 4787 4915
954 gi|179 4931 4974
955 gi|179 5229 6407
956 gi|179 6667 8174
957 gi|179 15011 15112
958 gi|179 15864 16932
959 gi|179 18560 18858
960 gi|179 19086 19622
961 gi|179 20081 20168
962 gi|179 25610 26094
963 gi|179 31472 31611
964 gi|179 33242 33703
965 gi|179 34700 34903
966 gi|179 34903 35126
967 gi|179 36480 36616
968 gi|179 36618 38877
969 gi|179 38686 40000
970 gi|18 11248 11305
971 gi|18 14411 14505
972 gi|180 1629 1736
973 gi|180 1859 2371
974 gi|180 2573 2818
975 gi|180 10036 10158
976 gi|180 22017 22596
977 gi|180 23154 23583
978 gi|180 37222 37265
979 gi|181 1 433
980 gi|181 8730 10122
981 gi|181 11722 12211
982 gi|181 12574 13251
983 gi|181 13943 13988
984 gi|181 14334 14942
985 gi|181 14938 15127
986 gi|181 15455 15539
987 gi|181 15742 16625
988 gi|181 16969 17207
989 gi|181 17135 17828
990 gi|181 18763 18965
991 gi|181 19271 19539
992 gi|181 26091 26154
993 gi|181 26155 26388
994 gi|181 26412 26504
995 gi|181 26526 26773
996 gi|181 27019 27107
997 gi|181 27172 27282
998 gi|181 28062 29153
999 gi|181 31083 31187
1000 gi|181 33865 34360
1001 gi|182 6024 6517
1002 gi|182 6730 7510
1003 gi|182 8141 8276
1004 gi|182 10759 10866
1005 gi|182 11529 11602
1006 gi|182 11867 12061
1007 gi|182 13181 13312
1008 gi|182 17741 18251
1009 gi|182 19006 19475
1010 gi|182 19684 20465
1011 gi|182 20780 20899
1012 gi|182 21254 21715
1013 gi|182 21961 22706
1014 gi|182 22604 22835
1015 gi|182 23086 23251
1016 gi|182 23826 24336
1017 gi|182 24535 25284
1018 gi|182 38949 39401
1019 gi|182 39709 39997
1020 gi|182 40080 40129
1021 gi|183 1162 1543
1022 gi|183 10866 11200
1023 gi|183 11297 12104
1024 gi|183 20277 20377
1025 gi|183 20448 21263
1026 gi|183 23910 24712
1027 gi|183 27158 27413
1028 gi|183 32071 32397
1029 gi|183 34725 35909
1030 gi|183 36073 36367
1031 gi|183 38376 38886
1032 gi|184 1 20643
1033 gi|185 23761 23970
1034 gi|185 25231 25356
1035 gi|185 29948 30164
1036 gi|185 30279 30865
1037 gi|185 30674 31269
1038 gi|186 1 308
1039 gi|186 162 669
1040 gi|186 646 715
1041 gi|186 713 1220
1042 gi|186 1300 1552
1043 gi|186 1637 1682
1044 gi|186 1679 1727
1045 gi|186 1773 2177
1046 gi|186 2111 2405
1047 gi|186 2413 2449
1048 gi|186 2436 2487
1049 gi|186 2679 3377
1050 gi|186 3202 4144
1051 gi|186 4050 21822
1052 gi|187 760 888
1053 gi|187 3180 3223
1054 gi|187 21114 22186
1055 gi|187 24460 25474
1056 gi|187 25755 26976
1057 gi|187 27025 28331
1058 gi|187 28366 28564
1059 gi|187 31185 31289
1060 gi|187 35551 36026
1061 gi|187 39585 39644
1062 gi|187 39645 39808
1063 gi|188 1816 2653
1064 gi|188 6036 6372
1065 gi|188 6672 6845
1066 gi|188 7391 7459
1067 gi|188 7453 7688
1068 gi|188 17751 17808
1069 gi|188 23483 23613
1070 gi|188 26846 26988
1071 gi|188 26987 27749
1072 gi|188 28202 28942
1073 gi|188 30090 30193
1074 gi|188 32979 33010
1075 gi|188 35186 35532
1076 gi|188 35702 36460
1077 gi|189 5871 6063
1078 gi|189 18627 18668
1079 gi|189 18915 19025
1080 gi|189 19344 19801
1081 gi|189 20999 21095
1082 gi|189 21082 21313
1083 gi|189 23644 27496
1084 gi|189 27793 29907
1085 gi|189 39342 39704
1086 gi|19 8906 11152
1087 gi|19 11149 11466
1088 gi|19 13908 14806
1089 gi|19 18558 20460
1090 gi|19 21050 21372
1091 gi|19 21369 21833
1092 gi|19 22566 23224
1093 gi|19 23632 24545
1094 gi|19 25954 27060
1095 gi|19 27437 27742
1096 gi|19 36605 37074
1097 gi|190 345 618
1098 gi|190 748 878
1099 gi|190 982 1317
1100 gi|190 1381 1459
1101 gi|190 2410 2502
1102 gi|190 5485 5563
1103 gi|190 5695 5781
1104 gi|190 19962 20934
1105 gi|190 20902 20995
1106 gi|190 21170 21205
1107 gi|190 27726 27817
1108 gi|190 27779 28313
1109 gi|190 29791 29957
1110 gi|190 30145 30543
1111 gi|190 33693 33900
1112 gi|190 34487 34709
1113 gi|190 34722 34779
1114 gi|190 36567 40021
1115 gi|191 2 40611
1116 gi|192 29359 29565
1117 gi|192 37195 37399
1118 gi|193 1 24832
1119 gi|194 1 1208
1120 gi|194 1263 2456
1121 gi|194 18806 19018
1122 gi|194 20607 20769
1123 gi|194 22062 22311
1124 gi|194 27019 28299
1125 gi|194 29709 31224
1126 gi|194 31230 31947
1127 gi|194 31947 31988
1128 gi|194 32078 32875
1129 gi|194 32859 34224
1130 gi|194 34136 34768
1131 gi|194 34765 36129
1132 gi|194 36302 36688
1133 gi|194 36559 37396
1134 gi|194 37125 38964
1135 gi|195 2565 2746
1136 gi|195 2700 2847
1137 gi|195 2849 4644
1138 gi|195 5737 5962
1139 gi|195 9614 9784
1140 gi|195 19295 19558
1141 gi|195 25800 25864
1142 gi|195 29666 30495
1143 gi|195 31146 31223
1144 gi|195 34322 34406
1145 gi|195 35235 35375
1146 gi|195 35861 36109
1147 gi|196 56 240
1148 gi|196 1061 1404
1149 gi|196 1395 1781
1150 gi|196 2131 2233
1151 gi|196 2433 2632
1152 gi|196 3373 3704
1153 gi|196 3774 4221
1154 gi|196 17884 19778
1155 gi|196 22889 23096
1156 gi|196 23134 25420
1157 gi|197 837 961
1158 gi|197 1281 1903
1159 gi|197 4176 4310
1160 gi|197 5048 5272
1161 gi|197 9470 11041
1162 gi|197 13715 14236
1163 gi|197 14637 14761
1164 gi|197 15537 15586
1165 gi|198 2 31420
1166 gi|199 32 118
1167 gi|199 1658 2316
1168 gi|199 2460 2596
1169 gi|199 4376 4430
1170 gi|199 17831 18060
1171 gi|199 18369 18465
1172 gi|199 19324 19404
1173 gi|199 19507 19714
1174 gi|199 19680 20691
1175 gi|199 20884 20992
1176 gi|199 20946 21085
1177 gi|199 21147 21230
1178 gi|199 21598 21655
1179 gi|199 21952 22033
1180 gi|199 22335 22425
1181 gi|199 24692 25137
1182 gi|199 26647 30126
1183 gi|199 33462 33878
1184 gi|199 37877 38928
1185 gi|2 13585 13649
1186 gi|2 14064 14644
1187 gi|2 16505 16682
1188 gi|2 18635 18766
1189 gi|2 19947 20219
1190 gi|2 21633 21894
1191 gi|2 24308 24444
1192 gi|2 24951 25080
1193 gi|2 25121 25175
1194 gi|2 28241 28369
1195 gi|2 29873 30014
1196 gi|2 30549 30627
1197 gi|2 30709 30762
1198 gi|2 33486 33610
1199 gi|2 35661 35865
1200 gi|20 6759 6817
1201 gi|20 6815 7356
1202 gi|20 7360 7981
1203 gi|20 8119 8297
1204 gi|20 8877 9214
1205 gi|20 9769 9831
1206 gi|20 13499 14168
1207 gi|20 19637 19813
1208 gi|20 29923 30382
1209 gi|200 1 340
1210 gi|200 4501 5294
1211 gi|200 5254 5564
1212 gi|200 9287 9377
1213 gi|200 9429 9686
1214 gi|200 9833 11357
1215 gi|200 11353 11440
1216 gi|200 11416 11571
1217 gi|200 11788 11973
1218 gi|200 13482 15059
1219 gi|200 15018 15349
1220 gi|200 16640 17181
1221 gi|200 18815 18991
1222 gi|200 19298 20793
1223 gi|200 20789 20876
1224 gi|200 20852 21006
1225 gi|200 21224 23434
1226 gi|200 24847 25237
1227 gi|200 25217 26839
1228 gi|200 27484 27791
1229 gi|200 28303 28347
1230 gi|200 28340 28773
1231 gi|200 28741 29767
1232 gi|200 30081 30134
1233 gi|200 30275 31221
1234 gi|200 32232 33792
1235 gi|200 34274 34612
1236 gi|200 34723 37177
1237 gi|200 37576 37667
1238 gi|200 37948 38163
1239 gi|200 38529 38612
1240 gi|200 38849 40147
1241 gi|201 1 2124
1242 gi|202 1 361
1243 gi|203 4647 4715
1244 gi|203 6899 7401
1245 gi|203 14474 15343
1246 gi|203 17415 17643
1247 gi|203 23855 23896
1248 gi|203 27406 27624
1249 gi|204 19765 19865
1250 gi|204 35928 36110
1251 gi|205 1 205
1252 gi|205 499 1482
1253 gi|205 1482 4783
1254 gi|205 8512 8644
1255 gi|205 9138 9203
1256 gi|205 10026 10509
1257 gi|205 11587 11631
1258 gi|205 11633 14639
1259 gi|205 20603 21049
1260 gi|205 21288 21451
1261 gi|205 22415 22548
1262 gi|205 23466 23849
1263 gi|205 24269 24711
1264 gi|205 25567 26018
1265 gi|205 26308 27020
1266 gi|205 27611 28227
1267 gi|205 29435 29569
1268 gi|205 31789 32189
1269 gi|205 33528 33662
1270 gi|205 34160 34311
1271 gi|205 35010 35455
1272 gi|205 40194 40334
1273 gi|206 9309 9396
1274 gi|206 18113 18163
1275 gi|206 26514 28872
1276 gi|206 29307 29448
1277 gi|206 31817 31915
1278 gi|206 34347 34865
1279 gi|206 34864 35393
1280 gi|206 35701 35849
1281 gi|206 36007 36193
1282 gi|206 37248 37459
1283 gi|207 39 439
1284 gi|207 993 1495
1285 gi|207 3190 3281
1286 gi|207 3486 3527
1287 gi|207 5312 5446
1288 gi|207 7361 7624
1289 gi|207 19187 19354
1290 gi|207 31921 32614
1291 gi|207 34565 34825
1292 gi|208 1972 2024
1293 gi|208 3687 4341
1294 gi|208 8486 8751
1295 gi|208 9559 10213
1296 gi|208 11858 12632
1297 gi|208 12640 13950
1298 gi|208 16013 17864
1299 gi|208 18845 18918
1300 gi|208 20013 20066
1301 gi|208 20949 21264
1302 gi|208 21259 21419
1303 gi|208 24108 24352
1304 gi|208 35686 35912
1305 gi|208 38848 39306
1306 gi|209 5249 5397
1307 gi|209 33144 33377
1308 gi|209 34169 34465
1309 gi|209 34622 35028
1310 gi|21 1 36806
1311 gi|210 154 2200
1312 gi|210 9550 9706
1313 gi|210 13558 16705
1314 gi|210 17276 17523
1315 gi|210 25295 25370
1316 gi|210 25358 26137
1317 gi|210 26353 26859
1318 gi|210 35252 35496
1319 gi|211 2 41782
1320 gi|212 1368 1546
1321 gi|212 2108 2440
1322 gi|212 6421 6475
1323 gi|212 6781 7366
1324 gi|212 9944 10003
1325 gi|212 10202 10680
1326 gi|212 12063 12095
1327 gi|212 18267 18647
1328 gi|212 19061 20288
1329 gi|212 27236 27915
1330 gi|212 28486 28933
1331 gi|212 30981 31043
1332 gi|212 34272 34459
1333 gi|212 36391 36597
1334 gi|213 4043 4108
1335 gi|213 8568 8805
1336 gi|213 9635 9674
1337 gi|213 10846 11090
1338 gi|213 11090 11900
1339 gi|213 29918 30450
1340 gi|213 30652 30794
1341 gi|213 31310 31640
1342 gi|213 32222 32265
1343 gi|213 34799 34944
1344 gi|213 35946 36113
1345 gi|214 12858 13211
1346 gi|214 14447 14795
1347 gi|214 20576 20689
1348 gi|214 22022 22353
1349 gi|214 30480 30569
1350 gi|214 33666 34159
1351 gi|214 36972 37208
1352 gi|215 1 249
1353 gi|215 39134 39250
1354 gi|216 2 23409
1355 gi|217 472 822
1356 gi|217 1888 2248
1357 gi|217 7576 7722
1358 gi|217 39032 39607
1359 gi|218 1331 1434
1360 gi|218 2389 2814
1361 gi|218 10581 10711
1362 gi|218 11205 11412
1363 gi|218 13409 13925
1364 gi|218 14714 15292
1365 gi|218 15932 16109
1366 gi|218 16113 16325
1367 gi|218 16386 17978
1368 gi|218 18386 18445
1369 gi|218 18716 18925
1370 gi|218 19175 21170
1371 gi|218 21471 21506
1372 gi|218 25552 25609
1373 gi|218 25736 25801
1374 gi|218 27647 27774
1375 gi|218 28047 29544
1376 gi|219 1 45
1377 gi|219 5221 6630
1378 gi|219 7934 8210
1379 gi|219 9783 10108
1380 gi|219 10541 10637
1381 gi|219 14342 14393
1382 gi|219 15242 15392
1383 gi|219 16950 17924
1384 gi|219 18084 18164
1385 gi|219 30425 30666
1386 gi|219 31687 31838
1387 gi|219 33309 33450
1388 gi|219 33907 33994
1389 gi|219 34217 34374
1390 gi|219 37049 37205
1391 gi|219 39253 39869
1392 gi|219 39949 40078
1393 gi|22 1240 1283
1394 gi|22 2499 2564
1395 gi|22 2674 3473
1396 gi|22 3174 4694
1397 gi|22 7091 7179
1398 gi|22 12775 16143
1399 gi|22 19797 20099
1400 gi|22 24329 28516
1401 gi|22 28920 32343
1402 gi|22 33407 33828
1403 gi|22 33992 34740
1404 gi|22 34851 35349
1405 gi|22 36304 37256
1406 gi|22 37977 38513
1407 gi|22 38826 39639
1408 gi|220 5653 6600
1409 gi|220 9965 10435
1410 gi|220 13387 14797
1411 gi|220 15260 15735
1412 gi|220 15731 16131
1413 gi|220 18699 18984
1414 gi|220 23657 23991
1415 gi|220 28177 28638
1416 gi|220 28515 29818
1417 gi|220 38274 38692
1418 gi|220 38945 39016
1419 gi|220 40004 40161
1420 gi|221 10185 10873
1421 gi|221 11757 12089
1422 gi|221 32004 33597
1423 gi|221 33885 33999
1424 gi|221 34425 34455
1425 gi|221 36508 36709
1426 gi|221 39811 40167
1427 gi|222 4 1158
1428 gi|222 12215 12421
1429 gi|222 15073 15177
1430 gi|222 31803 32652
1431 gi|222 33591 33710
1432 gi|222 35785 35975
1433 gi|222 36087 36335
1434 gi|222 36956 37245
1435 gi|223 156 257
1436 gi|223 3763 3872
1437 gi|223 4384 5055
1438 gi|223 10337 10631
1439 gi|223 11049 11257
1440 gi|223 11398 11962
1441 gi|223 12313 14334
1442 gi|223 14391 14599
1443 gi|223 14803 14898
1444 gi|223 16000 16471
1445 gi|223 21016 21079
1446 gi|224 3229 3591
1447 gi|224 4304 5173
1448 gi|224 6035 7046
1449 gi|224 7827 9136
1450 gi|224 9737 10074
1451 gi|224 10505 10783
1452 gi|224 13118 13488
1453 gi|224 16366 17401
1454 gi|224 18249 18394
1455 gi|224 26296 27825
1456 gi|224 28629 29250
1457 gi|224 34284 34352
1458 gi|224 34374 34503
1459 gi|224 35789 36040
1460 gi|224 36101 36364
1461 gi|224 37225 37384
1462 gi|224 38263 38410
1463 gi|224 38590 38752
1464 gi|225 132 381
1465 gi|225 2061 2242
1466 gi|225 2639 6501
1467 gi|225 6719 8848
1468 gi|225 8983 9043
1469 gi|225 9716 9923
1470 gi|225 15523 15683
1471 gi|225 16566 16674
1472 gi|225 17124 17191
1473 gi|225 18580 18799
1474 gi|225 25784 25931
1475 gi|225 34660 34758
1476 gi|225 34812 35102
1477 gi|225 35551 37309
1478 gi|225 37772 37958
1479 gi|226 475 568
1480 gi|226 901 1114
1481 gi|226 3801 3942
1482 gi|226 4447 4638
1483 gi|226 8267 8572
1484 gi|226 10164 11216
1485 gi|226 12272 12499
1486 gi|226 12773 13208
1487 gi|226 14173 14344
1488 gi|226 14531 14749
1489 gi|226 15446 15648
1490 gi|226 15814 16194
1491 gi|226 16200 16415
1492 gi|226 16778 17060
1493 gi|226 34742 35982
1494 gi|227 1506 1712
1495 gi|227 14073 14418
1496 gi|227 15488 15605
1497 gi|227 17099 18485
1498 gi|227 19368 19954
1499 gi|227 28881 29050
1500 gi|227 33325 33421
1501 gi|227 33550 34052
1502 gi|227 34551 34948
1503 gi|227 36047 36370
1504 gi|227 36705 36785
1505 gi|228 22103 22318
1506 gi|228 22375 22628
1507 gi|229 34856 35022
1508 gi|229 37676 37908
1509 gi|229 39183 39296
1510 gi|23 7299 10429
1511 gi|23 10495 11023
1512 gi|23 10995 11632
1513 gi|23 12116 13391
1514 gi|23 13433 13574
1515 gi|23 13589 13725
1516 gi|23 13715 13837
1517 gi|23 14807 14940
1518 gi|23 15213 15399
1519 gi|23 30885 31048
1520 gi|23 31176 32225
1521 gi|23 33607 33664
1522 gi|23 36059 36131
1523 gi|230 7037 8147
1524 gi|230 8262 8566
1525 gi|230 9564 10763
1526 gi|230 10877 10943
1527 gi|230 18360 18431
1528 gi|230 18684 18776
1529 gi|230 20522 21139
1530 gi|230 27717 27766
1531 gi|230 31527 31970
1532 gi|230 32703 33639
1533 gi|231 14387 14498
1534 gi|231 14492 14572
1535 gi|231 16830 18198
1536 gi|231 19022 19512
1537 gi|231 19545 19841
1538 gi|231 26617 26940
1539 gi|231 27599 27667
1540 gi|231 28117 28880
1541 gi|231 29035 30641
1542 gi|231 31618 32119
1543 gi|231 32964 33639
1544 gi|231 33794 34557
1545 gi|231 35007 35075
1546 gi|232 1 1185
1547 gi|232 2584 2960
1548 gi|232 2958 3114
1549 gi|232 3284 3689
1550 gi|232 3708 3799
1551 gi|232 4127 4182
1552 gi|232 4338 4600
1553 gi|232 4980 5307
1554 gi|232 5550 5601
1555 gi|232 5678 5773
1556 gi|232 5943 6114
1557 gi|232 6059 6465
1558 gi|232 6603 36951
1559 gi|233 2 31686
1560 gi|234 3296 3487
1561 gi|234 3466 4718
1562 gi|234 4675 4963
1563 gi|234 8247 9032
1564 gi|234 9022 9113
1565 gi|234 11554 11633
1566 gi|234 11758 12089
1567 gi|234 12226 12493
1568 gi|234 16690 17025
1569 gi|234 18105 18190
1570 gi|234 22360 22780
1571 gi|234 26796 27054
1572 gi|235 4816 5582
1573 gi|235 12749 13500
1574 gi|235 15110 15140
1575 gi|235 22220 22677
1576 gi|235 23287 23456
1577 gi|235 26038 28507
1578 gi|235 28781 29353
1579 gi|235 33224 33322
1580 gi|235 34579 34767
1581 gi|235 35001 35116
1582 gi|235 35912 36447
1583 gi|235 37762 38049
1584 gi|236 4004 4156
1585 gi|236 4216 4269
1586 gi|236 8275 8404
1587 gi|236 8441 8629
1588 gi|236 8601 8718
1589 gi|236 8778 9372
1590 gi|236 18992 19474
1591 gi|236 26279 26360
1592 gi|236 26729 27671
1593 gi|236 27431 28009
1594 gi|236 29315 29761
1595 gi|236 31071 31162
1596 gi|237 2086 2389
1597 gi|237 2994 3190
1598 gi|237 3682 3819
1599 gi|237 4062 4091
1600 gi|237 18082 18985
1601 gi|237 36346 36682
1602 gi|237 37638 37721
1603 gi|237 38433 38550
1604 gi|238 24762 25551
1605 gi|239 5883 6015
1606 gi|239 6153 6210
1607 gi|239 7423 7578
1608 gi|239 23989 24135
1609 gi|24 13105 13665
1610 gi|24 14511 14773
1611 gi|24 36835 37052
1612 gi|240 2 33827
1613 gi|240 34033 34920
1614 gi|241 1176 2126
1615 gi|241 2392 2516
1616 gi|241 2516 4099
1617 gi|241 5048 5244
1618 gi|241 9063 9191
1619 gi|241 10769 10887
1620 gi|241 19610 19796
1621 gi|241 35639 37126
1622 gi|241 38535 38661
1623 gi|242 506 1049
1624 gi|242 1212 1399
1625 gi|242 1390 2131
1626 gi|242 2444 2759
1627 gi|242 3030 3350
1628 gi|242 3448 3622
1629 gi|242 3642 4634
1630 gi|242 5211 5581
1631 gi|242 6113 6507
1632 gi|242 6596 7539
1633 gi|242 8105 8318
1634 gi|242 9148 9537
1635 gi|242 10224 10296
1636 gi|242 11456 11819
1637 gi|242 12205 12420
1638 gi|242 12415 13354
1639 gi|242 13972 14153
1640 gi|242 14490 14896
1641 gi|242 15561 16652
1642 gi|242 18429 19211
1643 gi|242 19455 20432
1644 gi|242 21127 21364
1645 gi|242 22646 23051
1646 gi|242 23040 23296
1647 gi|242 23947 24296
1648 gi|242 24406 24513
1649 gi|242 24544 24706
1650 gi|242 24726 25729
1651 gi|242 26309 26686
1652 gi|242 27973 28938
1653 gi|242 29489 29765
1654 gi|242 34948 35088
1655 gi|242 37524 37603
1656 gi|242 38325 38397
1657 gi|243 8462 8643
1658 gi|245 34591 34908
1659 gi|246 1347 1442
1660 gi|246 1877 2661
1661 gi|246 2691 3020
1662 gi|246 3260 3322
1663 gi|246 4811 5144
1664 gi|246 5370 5540
1665 gi|246 9923 10148
1666 gi|246 12004 12157
1667 gi|246 15014 15347
1668 gi|246 15573 15743
1669 gi|246 19079 19343
1670 gi|246 19379 19725
1671 gi|246 19615 19885
1672 gi|246 27614 28285
1673 gi|246 28283 28834
1674 gi|246 28922 31413
1675 gi|248 3532 3843
1676 gi|248 22123 22404
1677 gi|248 27594 27790
1678 gi|249 1 200
1679 gi|249 169 252
1680 gi|249 913 1179
1681 gi|249 1184 1236
1682 gi|249 5725 5788
1683 gi|249 7828 7897
1684 gi|249 10180 10360
1685 gi|249 17937 18026
1686 gi|249 18988 19094
1687 gi|249 22676 22827
1688 gi|249 28562 28684
1689 gi|249 28829 28923
1690 gi|249 29019 29127
1691 gi|249 29326 29462
1692 gi|249 31435 31613
1693 gi|249 34361 34734
1694 gi|249 35272 35579
1695 gi|249 35970 37028
1696 gi|249 37564 38250
1697 gi|25 564 2415
1698 gi|25 18648 20443
1699 gi|25 20932 21077
1700 gi|25 21014 21563
1701 gi|25 21523 21706
1702 gi|25 22382 22528
1703 gi|25 22531 22702
1704 gi|25 34941 35188
1705 gi|25 39243 39431
1706 gi|25 39534 39800
1707 gi|25 39798 39999
1708 gi|250 1 1129
1709 gi|250 4409 4497
1710 gi|250 5242 5363
1711 gi|250 14393 14529
1712 gi|250 17842 17928
1713 gi|250 17987 18109
1714 gi|250 18408 18486
1715 gi|250 19327 19353
1716 gi|250 19558 19761
1717 gi|250 20089 20516
1718 gi|250 25130 25363
1719 gi|250 26371 26534
1720 gi|250 30464 30735
1721 gi|250 31375 31820
1722 gi|250 32092 32796
1723 gi|250 38609 38749
1724 gi|251 82 513
1725 gi|251 633 719
1726 gi|251 1136 1281
1727 gi|251 3749 4175
1728 gi|251 11603 11785
1729 gi|251 12492 12658
1730 gi|251 13112 13310
1731 gi|251 14616 14746
1732 gi|251 18476 18556
1733 gi|251 22799 22958
1734 gi|251 37160 37306
1735 gi|252 2 34220
1736 gi|253 9822 11202
1737 gi|253 11617 12081
1738 gi|253 13508 13930
1739 gi|253 15313 17594
1740 gi|253 17670 19322
1741 gi|253 19564 19618
1742 gi|253 20609 21689
1743 gi|253 28275 28816
1744 gi|253 32518 33725
1745 gi|253 35543 37049
1746 gi|253 37343 38544
1747 gi|254 475 1141
1748 gi|254 1212 1865
1749 gi|254 11507 11550
1750 gi|254 15216 15774
1751 gi|254 17303 17368
1752 gi|254 18797 18970
1753 gi|254 19836 19891
1754 gi|254 20035 20129
1755 gi|254 26800 26937
1756 gi|254 27015 27129
1757 gi|254 27157 27225
1758 gi|254 27414 27480
1759 gi|254 27643 28238
1760 gi|254 28231 28480
1761 gi|254 29163 29591
1762 gi|255 2451 2503
1763 gi|255 2677 2729
1764 gi|255 11288 11384
1765 gi|255 12025 12104
1766 gi|255 12750 13039
1767 gi|255 20645 21620
1768 gi|255 23157 23588
1769 gi|255 24766 24830
1770 gi|255 24813 24918
1771 gi|255 24884 24958
1772 gi|256 604 1361
1773 gi|256 1845 2176
1774 gi|256 2729 2976
1775 gi|256 4650 4861
1776 gi|256 5054 5233
1777 gi|256 5276 5335
1778 gi|256 5350 6202
1779 gi|256 6276 8272
1780 gi|256 8262 8362
1781 gi|256 8439 8493
1782 gi|256 8681 8784
1783 gi|256 16433 16478
1784 gi|256 18542 19400
1785 gi|256 28784 29549
1786 gi|256 36058 36272
1787 gi|256 38416 38536
1788 gi|256 38575 38690
1789 gi|256 39143 39265
1790 gi|256 39273 39408
1791 gi|256 39662 39712
1792 gi|256 39889 39950
1793 gi|257 1438 1570
1794 gi|257 1656 1775
1795 gi|257 2568 5891
1796 gi|257 6407 8909
1797 gi|257 8895 9039
1798 gi|257 9784 9972
1799 gi|257 10606 10900
1800 gi|257 10893 11113
1801 gi|257 15691 16665
1802 gi|257 18346 18421
1803 gi|257 18699 18999
1804 gi|257 22967 23096
1805 gi|257 26133 28474
1806 gi|257 28474 29104
1807 gi|257 29458 30185
1808 gi|257 31070 31358
1809 gi|257 31517 32445
1810 gi|257 36686 36749
1811 gi|257 38041 38112
1812 gi|258 598 2009
1813 gi|258 10029 10218
1814 gi|258 10588 10786
1815 gi|258 10966 13121
1816 gi|258 14032 15564
1817 gi|258 16029 16377
1818 gi|258 16512 16871
1819 gi|258 18064 18869
1820 gi|258 18877 19485
1821 gi|258 23743 24949
1822 gi|258 25395 25853
1823 gi|258 25850 26271
1824 gi|258 29238 29849
1825 gi|258 30469 32169
1826 gi|258 33861 34019
1827 gi|258 35521 36701
1828 gi|258 37131 37279
1829 gi|259 3764 3936
1830 gi|259 39628 39734
1831 gi|26 15875 16074
1832 gi|26 25533 25642
1833 gi|26 29541 29675
1834 gi|26 37765 38362
1835 gi|26 39198 39753
1836 gi|260 7892 8402
1837 gi|260 21357 21431
1838 gi|260 29258 29339
1839 gi|260 29499 29582
1840 gi|261 2109 2556
1841 gi|261 14458 14524
1842 gi|261 15745 15968
1843 gi|261 15989 17254
1844 gi|261 18740 18925
1845 gi|261 19040 19244
1846 gi|261 26233 26451
1847 gi|261 28177 28314
1848 gi|261 30813 31592
1849 gi|261 36648 36695
1850 gi|261 38180 38441
1851 gi|261 39250 39898
1852 gi|262 31354 31404
1853 gi|262 31450 31722
1854 gi|262 36090 37055
1855 gi|263 22 70
1856 gi|263 1892 2448
1857 gi|263 3932 4240
1858 gi|263 9443 9549
1859 gi|263 13579 14159
1860 gi|264 2955 3086
1861 gi|264 3839 4376
1862 gi|264 4499 4964
1863 gi|264 5361 6369
1864 gi|264 7616 7834
1865 gi|264 7863 8423
1866 gi|264 8402 8609
1867 gi|264 9081 11665
1868 gi|264 12304 13671
1869 gi|264 14189 15060
1870 gi|264 15625 16482
1871 gi|264 18662 19171
1872 gi|264 19057 19676
1873 gi|264 20666 20973
1874 gi|264 21007 21899
1875 gi|264 24832 24882
1876 gi|264 25655 25872
1877 gi|264 31784 32169
1878 gi|264 32402 32850
1879 gi|264 33175 33264
1880 gi|264 36584 36783
1881 gi|27 2714 3093
1882 gi|27 3454 3785
1883 gi|27 6974 9955
1884 gi|27 9947 10783
1885 gi|27 13222 13305
1886 gi|27 13596 14206
1887 gi|27 14734 14850
1888 gi|27 17220 17481
1889 gi|27 23450 24626
1890 gi|27 29894 30064
1891 gi|27 33196 35252
1892 gi|27 35571 36042
1893 gi|27 36234 37285
1894 gi|28 1 31354
1895 gi|29 1 104
1896 gi|29 54 271
1897 gi|29 528 9369
1898 gi|29 9646 9787
1899 gi|29 10102 18916
1900 gi|29 19176 19390
1901 gi|29 19647 28940
1902 gi|29 29195 38029
1903 gi|29 38337 38504
1904 gi|29 38761 39232
1905 gi|3 815 1377
1906 gi|3 1781 2152
1907 gi|3 5943 6196
1908 gi|3 13189 13745
1909 gi|3 14157 14309
1910 gi|3 15129 15167
1911 gi|3 15976 16147
1912 gi|30 20821 20967
1913 gi|30 21083 21533
1914 gi|30 24702 24787
1915 gi|31 10018 10552
1916 gi|31 17131 17233
1917 gi|31 17184 17451
1918 gi|31 18139 18364
1919 gi|31 39318 39701
1920 gi|32 4486 4602
1921 gi|32 4990 5085
1922 gi|32 5898 6102
1923 gi|32 8196 8322
1924 gi|32 17230 19048
1925 gi|32 26250 27695
1926 gi|32 28235 28812
1927 gi|32 33768 33894
1928 gi|32 38761 39610
1929 gi|34 5361 5551
1930 gi|34 8221 8272
1931 gi|34 8516 11729
1932 gi|34 12016 12195
1933 gi|34 13118 14303
1934 gi|34 14084 14906
1935 gi|34 15413 18346
1936 gi|34 18414 18856
1937 gi|34 19283 19652
1938 gi|34 23220 23726
1939 gi|34 33745 33911
1940 gi|35 2260 2659
1941 gi|35 4395 4864
1942 gi|35 5366 6787
1943 gi|35 7046 7695
1944 gi|35 7641 11173
1945 gi|35 14509 14968
1946 gi|35 14914 15447
1947 gi|35 15728 16062
1948 gi|35 16296 16679
1949 gi|35 21041 21212
1950 gi|35 21761 21853
1951 gi|35 30232 30286
1952 gi|35 30699 31075
1953 gi|35 34556 34666
1954 gi|35 34928 35133
1955 gi|36 1 423
1956 gi|36 661 1008
1957 gi|36 935 1177
1958 gi|36 1177 1404
1959 gi|36 1827 1884
1960 gi|36 1912 2058
1961 gi|36 2212 2266
1962 gi|36 2626 3409
1963 gi|36 3522 3820
1964 gi|36 4540 4977
1965 gi|36 5241 5547
1966 gi|36 5946 6092
1967 gi|36 6199 6573
1968 gi|36 7513 7966
1969 gi|36 8141 8561
1970 gi|36 8529 9232
1971 gi|36 9495 10159
1972 gi|36 10028 11464
1973 gi|36 11517 11561
1974 gi|36 11776 12027
1975 gi|36 12004 12074
1976 gi|36 12056 12303
1977 gi|36 12316 12415
1978 gi|36 12610 12788
1979 gi|36 12744 14185
1980 gi|36 16346 16442
1981 gi|36 16443 16582
1982 gi|36 16544 17125
1983 gi|36 16907 17495
1984 gi|36 17785 18095
1985 gi|36 18220 18437
1986 gi|36 18420 18493
1987 gi|36 18764 19530
1988 gi|36 19528 19566
1989 gi|36 19612 19639
1990 gi|36 19665 20093
1991 gi|36 20578 20982
1992 gi|36 20860 22088
1993 gi|36 22241 23740
1994 gi|36 23848 24322
1995 gi|36 24672 24831
1996 gi|36 25070 25382
1997 gi|37 5128 5190
1998 gi|37 5983 6139
1999 gi|37 16536 16897
2000 gi|37 16899 17082
2001 gi|37 18465 18610
2002 gi|37 19592 19826
2003 gi|37 21257 21475
2004 gi|37 21666 22302
2005 gi|37 23222 23483
2006 gi|37 24077 25268
2007 gi|37 25398 25843
2008 gi|37 29147 29428
2009 gi|37 29700 32598
2010 gi|37 34235 34293
2011 gi|37 34986 35016
2012 gi|37 37079 37439
2013 gi|37 38923 39359
2014 gi|38 6366 8036
2015 gi|38 8884 9077
2016 gi|38 9351 9907
2017 gi|38 9872 10130
2018 gi|38 10565 11051
2019 gi|38 11824 12228
2020 gi|38 13203 13256
2021 gi|38 13550 13587
2022 gi|38 13585 14020
2023 gi|38 15711 15905
2024 gi|38 19961 20194
2025 gi|38 25349 25518
2026 gi|38 27682 27944
2027 gi|38 35146 35229
2028 gi|38 36833 37104
2029 gi|38 37781 38029
2030 gi|38 38377 38422
2031 gi|39 1 203
2032 gi|39 18247 18557
2033 gi|39 36708 36914
2034 gi|4 38363 38443
2035 gi|40 6213 6340
2036 gi|40 6453 8109
2037 gi|41 2 440
2038 gi|41 2638 2791
2039 gi|41 2954 4046
2040 gi|41 4498 5251
2041 gi|41 7087 7242
2042 gi|41 8375 8612
2043 gi|41 8612 8705
2044 gi|41 8782 9411
2045 gi|41 9309 9729
2046 gi|41 9982 10056
2047 gi|41 27834 27891
2048 gi|41 32182 32304
2049 gi|41 33784 34042
2050 gi|41 37515 38287
2051 gi|41 38700 39423
2052 gi|41 39407 39524
2053 gi|41 39753 40000
2054 gi|42 7017 7103
2055 gi|42 39092 40145
2056 gi|43 1 1031
2057 gi|43 1835 2432
2058 gi|43 4581 4887
2059 gi|43 7589 7699
2060 gi|43 18359 18994
2061 gi|43 22262 23706
2062 gi|43 24007 25530
2063 gi|43 25943 26577
2064 gi|43 28999 29303
2065 gi|43 29983 30048
2066 gi|43 37959 38205
2067 gi|43 39203 39841
2068 gi|44 4702 7755
2069 gi|44 8133 8328
2070 gi|44 22240 22496
2071 gi|44 22479 22525
2072 gi|44 28402 28472
2073 gi|44 37345 37687
2074 gi|44 38689 38802
2075 gi|44 39292 39365
2076 gi|45 24979 25106
2077 gi|45 27106 27233
2078 gi|46 525 883
2079 gi|46 2071 2140
2080 gi|46 2136 2230
2081 gi|46 2539 2602
2082 gi|46 2605 2699
2083 gi|46 4471 4641
2084 gi|46 18790 19959
2085 gi|46 21534 22071
2086 gi|47 14679 14811
2087 gi|47 15065 15331
2088 gi|47 16629 16656
2089 gi|47 21876 22040
2090 gi|47 24890 24936
2091 gi|47 24932 24995
2092 gi|47 25106 25587
2093 gi|47 25615 26585
2094 gi|47 26500 27114
2095 gi|47 27112 28331
2096 gi|47 28398 28511
2097 gi|47 29418 29579
2098 gi|47 29816 30217
2099 gi|47 36335 36410
2100 gi|47 38787 39051
2101 gi|47 39039 39809
2102 gi|48 4 1103
2103 gi|48 1179 1456
2104 gi|48 1941 2073
2105 gi|48 2503 2602
2106 gi|48 2737 2968
2107 gi|48 5709 6408
2108 gi|48 6701 7410
2109 gi|48 7735 7819
2110 gi|48 8795 8900
2111 gi|48 13546 13622
2112 gi|48 19462 22929
2113 gi|48 24671 24987
2114 gi|48 27058 27156
2115 gi|48 27887 28038
2116 gi|48 28318 28871
2117 gi|48 32818 32893
2118 gi|48 33789 33992
2119 gi|48 36531 36696
2120 gi|48 38297 39064
2121 gi|49 2 36714
2122 gi|5 12670 12796
2123 gi|5 26359 27018
2124 gi|50 15395 17065
2125 gi|50 23545 23657
2126 gi|50 24458 24558
2127 gi|50 30762 30889
2128 gi|50 31207 31328
2129 gi|50 39593 40125
2130 gi|51 1 20839
2131 gi|52 15693 15784
2132 gi|52 17782 20257
2133 gi|52 20656 22681
2134 gi|52 23142 24459
2135 gi|52 35203 35320
2136 gi|52 37791 38126
2137 gi|53 2322 2414
2138 gi|53 3038 4153
2139 gi|53 3804 4638
2140 gi|53 5375 5711
2141 gi|53 6762 6896
2142 gi|53 6953 10070
2143 gi|53 10968 11088
2144 gi|53 11255 11523
2145 gi|53 12430 12657
2146 gi|53 14758 14937
2147 gi|53 15019 15289
2148 gi|53 15754 16558
2149 gi|53 18101 18425
2150 gi|53 18477 20758
2151 gi|53 22710 23536
2152 gi|53 27981 28134
2153 gi|53 30002 30077
2154 gi|53 39896 40276
2155 gi|54 52 1089
2156 gi|54 1440 3686
2157 gi|54 5199 8691
2158 gi|54 10503 10914
2159 gi|54 11166 11553
2160 gi|54 12798 16270
2161 gi|54 16566 16669
2162 gi|54 19771 20019
2163 gi|54 21021 21775
2164 gi|54 23797 23839
2165 gi|54 24693 25117
2166 gi|54 25771 26709
2167 gi|54 27079 30623
2168 gi|54 33927 34372
2169 gi|54 34438 35058
2170 gi|54 36014 36368
2171 gi|54 38276 38384
2172 gi|54 39214 40173
2173 gi|55 9507 9616
2174 gi|55 10357 10528
2175 gi|55 17612 17687
2176 gi|55 22956 24539
2177 gi|55 37442 37552
2178 gi|56 8221 8470
2179 gi|56 8981 9628
2180 gi|56 9793 10162
2181 gi|56 24425 25221
2182 gi|56 26134 26497
2183 gi|56 26846 27696
2184 gi|56 28241 29029
2185 gi|56 32084 32401
2186 gi|56 32877 33018
2187 gi|56 33568 35061
2188 gi|56 38920 40000
2189 gi|57 1001 1056
2190 gi|57 9234 9385
2191 gi|57 10429 12149
2192 gi|57 22539 22595
2193 gi|58 96 862
2194 gi|58 825 900
2195 gi|58 5289 5832
2196 gi|58 6860 7213
2197 gi|58 7554 7739
2198 gi|58 7919 8095
2199 gi|58 12354 12790
2200 gi|58 13168 13999
2201 gi|58 14493 14650
2202 gi|58 14622 14687
2203 gi|58 19038 19476
2204 gi|58 19878 20708
2205 gi|58 21067 21431
2206 gi|58 22693 23070
2207 gi|58 23830 24151
2208 gi|58 24537 24854
2209 gi|58 24860 25008
2210 gi|58 25251 25302
2211 gi|58 25325 25372
2212 gi|58 29893 30420
2213 gi|58 30620 30862
2214 gi|58 31787 32222
2215 gi|58 32959 33114
2216 gi|58 33505 34262
2217 gi|58 35273 35426
2218 gi|58 36118 37292
2219 gi|59 1 3335
2220 gi|59 11186 13677
2221 gi|59 13992 14133
2222 gi|59 14412 23234
2223 gi|59 23549 23690
2224 gi|59 23969 25821
2225 gi|59 25999 26049
2226 gi|59 35755 35807
2227 gi|59 35985 36046
2228 gi|6 2854 2989
2229 gi|6 3278 5915
2230 gi|6 5918 5966
2231 gi|6 7315 7481
2232 gi|6 7663 7703
2233 gi|6 7835 8056
2234 gi|6 19329 19534
2235 gi|6 25279 25502
2236 gi|6 26127 26523
2237 gi|6 27065 27148
2238 gi|6 27669 27787
2239 gi|6 33492 33860
2240 gi|6 37622 37780
2241 gi|6 39604 39845
2242 gi|60 1 1142
2243 gi|60 1356 1556
2244 gi|60 8978 9194
2245 gi|60 12451 12520
2246 gi|60 12816 14561
2247 gi|60 15081 16852
2248 gi|60 24517 24643
2249 gi|60 25038 25163
2250 gi|60 27408 27463
2251 gi|60 33960 34132
2252 gi|60 34490 34630
2253 gi|60 34616 35055
2254 gi|60 35062 35539
2255 gi|60 35737 35855
2256 gi|60 36416 36730
2257 gi|61 8 239
2258 gi|61 141 343
2259 gi|61 9212 9258
2260 gi|61 17021 17629
2261 gi|61 26858 27838
2262 gi|61 30598 31642
2263 gi|61 38888 39635
2264 gi|61 39741 40083
2265 gi|62 376 1220
2266 gi|62 3203 3474
2267 gi|62 4479 6164
2268 gi|62 7244 7333
2269 gi|62 10288 10532
2270 gi|62 10749 11171
2271 gi|62 11778 12083
2272 gi|62 13118 13505
2273 gi|62 14427 14609
2274 gi|62 14690 15015
2275 gi|62 15780 16170
2276 gi|62 17008 17365
2277 gi|62 19245 19347
2278 gi|62 20479 20916
2279 gi|62 21933 22319
2280 gi|62 23154 23482
2281 gi|62 24192 24576
2282 gi|62 28033 28893
2283 gi|62 30898 30977
2284 gi|62 31598 32419
2285 gi|62 33974 34048
2286 gi|63 445 3918
2287 gi|63 9217 10015
2288 gi|63 16833 18007
2289 gi|63 17903 18311
2290 gi|63 18907 20378
2291 gi|63 20278 20670
2292 gi|63 20679 20779
2293 gi|63 21152 21322
2294 gi|63 21326 21362
2295 gi|63 26062 30272
2296 gi|63 31002 31707
2297 gi|63 32055 32139
2298 gi|63 32848 33257
2299 gi|63 33264 34826
2300 gi|63 34990 35142
2301 gi|63 35224 35582
2302 gi|63 35583 36083
2303 gi|63 37110 38033
2304 gi|63 37708 38866
2305 gi|64 19140 19268
2306 gi|64 22720 24308
2307 gi|64 24469 24823
2308 gi|64 35974 36445
2309 gi|64 36927 37123
2310 gi|64 37529 37654
2311 gi|64 38244 38421
2312 gi|64 39186 39937
2313 gi|65 36589 36825
2314 gi|66 17791 18099
2315 gi|66 28557 28634
2316 gi|66 37875 37937
2317 gi|67 7335 7523
2318 gi|67 7700 7897
2319 gi|67 15053 15323
2320 gi|67 18287 18645
2321 gi|67 23031 23365
2322 gi|67 24848 25319
2323 gi|67 25766 26879
2324 gi|67 26772 28336
2325 gi|67 28810 29946
2326 gi|67 29560 30595
2327 gi|67 31364 31425
2328 gi|67 32105 34433
2329 gi|67 34657 35318
2330 gi|67 35429 35743
2331 gi|68 1122 1406
2332 gi|68 1648 1917
2333 gi|68 19380 19873
2334 gi|68 21378 21611
2335 gi|68 24109 24521
2336 gi|69 1 453
2337 gi|69 2787 3168
2338 gi|69 4770 4842
2339 gi|69 9691 11984
2340 gi|69 15567 15848
2341 gi|69 15877 15996
2342 gi|69 16248 16557
2343 gi|69 16825 16988
2344 gi|69 17363 17537
2345 gi|69 18009 18219
2346 gi|69 18371 20621
2347 gi|69 29924 32499
2348 gi|69 36966 37124
2349 gi|7 12205 12947
2350 gi|7 16478 17428
2351 gi|7 19819 20377
2352 gi|7 20627 20717
2353 gi|7 23146 23797
2354 gi|7 26188 26648
2355 gi|7 26838 27399
2356 gi|7 30857 31686
2357 gi|7 32193 32283
2358 gi|7 34683 34877
2359 gi|7 35337 36011
2360 gi|7 38796 38850
2361 gi|7 38911 39047
2362 gi|7 39053 39097
2363 gi|7 39091 39157
2364 gi|7 39652 39768
2365 gi|70 4859 5157
2366 gi|70 7000 7103
2367 gi|70 8557 8707
2368 gi|70 11007 11252
2369 gi|70 12755 13146
2370 gi|70 15429 15814
2371 gi|70 16209 18050
2372 gi|70 19239 20509
2373 gi|70 20432 20922
2374 gi|70 21526 21579
2375 gi|70 22010 22432
2376 gi|70 23358 23438
2377 gi|70 23549 23589
2378 gi|70 23587 23777
2379 gi|70 25636 25837
2380 gi|70 26243 26791
2381 gi|70 28571 29529
2382 gi|70 30486 30594
2383 gi|70 32617 32856
2384 gi|70 32860 33480
2385 gi|70 33564 33617
2386 gi|70 33996 34934
2387 gi|70 34930 35354
2388 gi|70 36623 37390
2389 gi|70 38337 38997
2390 gi|70 38843 39531
2391 gi|71 18167 18328
2392 gi|71 29153 30040
2393 gi|71 31626 34623
2394 gi|71 34869 37029
2395 gi|71 38741 39127
2396 gi|71 39166 39972
2397 gi|71 39948 40147
2398 gi|72 3 829
2399 gi|72 844 1170
2400 gi|72 1503 1546
2401 gi|72 10046 10134
2402 gi|72 20215 20569
2403 gi|72 21894 22096
2404 gi|72 22406 22673
2405 gi|72 29994 30624
2406 gi|72 31772 31935
2407 gi|72 38379 38746
2408 gi|72 38779 38864
2409 gi|72 38869 38927
2410 gi|72 39163 39986
2411 gi|73 2596 3498
2412 gi|73 6126 6222
2413 gi|73 8586 8663
2414 gi|73 10784 10936
2415 gi|73 14828 15643
2416 gi|73 17110 17241
2417 gi|73 18570 18939
2418 gi|73 18937 19052
2419 gi|73 19039 19180
2420 gi|73 19949 20076
2421 gi|73 25555 25900
2422 gi|73 29548 29724
2423 gi|73 33470 33806
2424 gi|73 33983 34437
2425 gi|74 246 287
2426 gi|74 333 3723
2427 gi|74 5496 5769
2428 gi|74 6562 7193
2429 gi|74 9163 11579
2430 gi|74 11587 11710
2431 gi|74 11699 11834
2432 gi|74 12178 12239
2433 gi|74 12514 13367
2434 gi|74 14295 17928
2435 gi|74 20370 20969
2436 gi|74 21230 23506
2437 gi|74 24214 24317
2438 gi|74 28092 28266
2439 gi|74 28252 28804
2440 gi|74 33709 34494
2441 gi|74 34587 35767
2442 gi|74 36426 36525
2443 gi|74 36673 38221
2444 gi|74 39845 39997
2445 gi|75 337 447
2446 gi|75 3577 3862
2447 gi|75 4083 4205
2448 gi|75 12631 12719
2449 gi|75 13260 13394
2450 gi|75 13392 13894
2451 gi|75 13892 14293
2452 gi|75 15150 15400
2453 gi|75 21083 22046
2454 gi|75 22525 22757
2455 gi|75 23280 23314
2456 gi|75 23962 24121
2457 gi|75 24469 24649
2458 gi|75 25584 25852
2459 gi|75 37890 38099
2460 gi|76 73 223
2461 gi|76 27923 28871
2462 gi|76 33115 33519
2463 gi|76 37420 37812
2464 gi|76 37921 38476
2465 gi|77 104 470
2466 gi|77 1033 1511
2467 gi|77 2001 2153
2468 gi|77 2855 2952
2469 gi|77 5724 5803
2470 gi|77 5846 5999
2471 gi|77 6076 6873
2472 gi|77 7662 8502
2473 gi|77 9674 9968
2474 gi|77 10369 11746
2475 gi|77 11914 11964
2476 gi|77 12292 13628
2477 gi|77 14078 14284
2478 gi|77 14250 14396
2479 gi|77 14503 15468
2480 gi|77 16151 16247
2481 gi|77 17356 18028
2482 gi|77 18364 20424
2483 gi|77 20508 20746
2484 gi|77 20821 21251
2485 gi|77 22095 22428
2486 gi|77 23092 24131
2487 gi|77 25409 25696
2488 gi|77 26367 27298
2489 gi|77 27102 27646
2490 gi|77 28197 29153
2491 gi|77 29736 29788
2492 gi|77 30446 30838
2493 gi|77 31416 32411
2494 gi|77 32598 32776
2495 gi|77 32781 33103
2496 gi|77 34516 35535
2497 gi|77 36941 37604
2498 gi|77 38416 38901
2499 gi|77 39486 40130
2500 gi|78 18627 19668
2501 gi|78 24009 24256
2502 gi|78 27397 27447
2503 gi|78 27814 31236
2504 gi|78 33239 33285
2505 gi|78 35013 35060
2506 gi|78 35129 35330
2507 gi|78 39708 39997
2508 gi|79 3055 3712
2509 gi|79 19715 19864
2510 gi|79 20672 20730
2511 gi|79 20930 20987
2512 gi|79 25285 25782
2513 gi|79 25788 26811
2514 gi|79 26951 27146
2515 gi|79 27752 28177
2516 gi|79 37067 37278
2517 gi|8 1 629
2518 gi|8 671 2247
2519 gi|8 2464 2893
2520 gi|8 3022 3392
2521 gi|8 5025 5659
2522 gi|8 6358 6403
2523 gi|8 6739 7346
2524 gi|8 8303 8944
2525 gi|8 13668 13931
2526 gi|8 14283 15193
2527 gi|8 15790 16048
2528 gi|8 16049 16687
2529 gi|8 29392 29507
2530 gi|8 31582 31829
2531 gi|8 32801 33478
2532 gi|8 34561 34653
2533 gi|8 37736 38148
2534 gi|8 40010 40173
2535 gi|80 3998 4086
2536 gi|80 4092 4293
2537 gi|80 19841 19989
2538 gi|80 20509 21015
2539 gi|80 27891 27943
2540 gi|80 28045 28211
2541 gi|80 28831 28968
2542 gi|80 29238 29476
2543 gi|80 29647 29794
2544 gi|80 31041 31225
2545 gi|80 31220 31390
2546 gi|80 31395 31569
2547 gi|80 32613 32687
2548 gi|80 32663 33652
2549 gi|80 35342 36157
2550 gi|80 36601 36749
2551 gi|80 37042 37295
2552 gi|80 38145 38553
2553 gi|80 38552 38622
2554 gi|80 38932 39003
2555 gi|81 2 638
2556 gi|81 637 1264
2557 gi|81 3178 3485
2558 gi|81 4794 5262
2559 gi|81 6173 6254
2560 gi|81 11379 11547
2561 gi|81 11773 13304
2562 gi|81 14003 14228
2563 gi|81 14657 15675
2564 gi|81 15927 16459
2565 gi|81 16839 16936
2566 gi|81 17551 18179
2567 gi|81 19788 20611
2568 gi|81 25113 25332
2569 gi|81 25486 26599
2570 gi|81 27003 27239
2571 gi|81 30143 30264
2572 gi|81 34775 34835
2573 gi|81 39882 39957
2574 gi|81 40014 40136
2575 gi|82 1 2864
2576 gi|83 1220 1432
2577 gi|83 10989 11127
2578 gi|83 15476 15543
2579 gi|83 28023 28192
2580 gi|83 34953 35214
2581 gi|83 35481 35736
2582 gi|83 38999 39135
2583 gi|84 4283 4496
2584 gi|84 9868 10063
2585 gi|84 28100 28311
2586 gi|85 2307 2389
2587 gi|87 444 575
2588 gi|87 3026 3646
2589 gi|87 3532 4360
2590 gi|87 4254 5049
2591 gi|87 5969 6267
2592 gi|87 6216 6610
2593 gi|87 13900 14048
2594 gi|87 14539 14736
2595 gi|87 18592 20034
2596 gi|87 22327 22841
2597 gi|87 32002 32325
2598 gi|87 32405 32576
2599 gi|87 32592 32677
2600 gi|87 32942 32995
2601 gi|87 33445 34423
2602 gi|87 37028 37502
2603 gi|87 37505 37717
2604 gi|87 37695 37793
2605 gi|88 541 907
2606 gi|88 1257 2085
2607 gi|88 2640 3428
2608 gi|88 6484 6947
2609 gi|88 7496 10201
2610 gi|88 16939 17812
2611 gi|88 18149 18233
2612 gi|88 18226 18425
2613 gi|88 18452 18549
2614 gi|88 18587 18697
2615 gi|88 22050 22132
2616 gi|88 22278 22342
2617 gi|88 26146 26808
2618 gi|88 27681 28685
2619 gi|88 29112 29181
2620 gi|88 29301 31499
2621 gi|88 31656 31692
2622 gi|88 32459 33235
2623 gi|88 35141 35308
2624 gi|88 35312 35412
2625 gi|88 35720 35937
2626 gi|89 3617 5958
2627 gi|89 6393 6562
2628 gi|89 8605 8771
2629 gi|89 10641 10672
2630 gi|89 10853 10898
2631 gi|89 11214 11344
2632 gi|89 12049 12119
2633 gi|89 17395 17588
2634 gi|89 23861 24411
2635 gi|89 25307 25436
2636 gi|89 26675 26782
2637 gi|89 29378 29488
2638 gi|89 31589 31906
2639 gi|89 32494 33320
2640 gi|89 33192 33833
2641 gi|9 7585 7800
2642 gi|9 9535 9670
2643 gi|9 9831 9998
2644 gi|9 13056 13259
2645 gi|9 15136 15221
2646 gi|9 15739 15805
2647 gi|9 16172 16216
2648 gi|9 16581 17488
2649 gi|9 17925 21216
2650 gi|9 20929 23754
2651 gi|9 23909 23976
2652 gi|9 24586 24742
2653 gi|9 24823 24959
2654 gi|9 25100 25197
2655 gi|9 27705 27798
2656 gi|9 29019 29144
2657 gi|9 29525 29583
2658 gi|9 30572 30710
2659 gi|9 30840 30953
2660 gi|9 30969 31423
2661 gi|9 31483 31724
2662 gi|9 33226 33466
2663 gi|9 33720 33823
2664 gi|9 34202 34575
2665 gi|9 35055 35288
2666 gi|90 2591 3345
2667 gi|90 3641 6729
2668 gi|90 25652 25970
2669 gi|90 25939 26036
2670 gi|90 26325 26808
2671 gi|90 28065 29043
2672 gi|91 5682 5773
2673 gi|91 6569 7005
2674 gi|91 13693 13736
2675 gi|91 14122 14213
2676 gi|91 16385 16572
2677 gi|91 20667 20919
2678 gi|91 21283 23101
2679 gi|91 23448 23622
2680 gi|91 23622 23870
2681 gi|91 23849 24252
2682 gi|92 374 506
2683 gi|92 8061 8213
2684 gi|92 8760 9994
2685 gi|92 10086 10244
2686 gi|92 12589 12693
2687 gi|92 12921 13016
2688 gi|92 13148 14883
2689 gi|92 16695 16957
2690 gi|92 17004 17758
2691 gi|92 18648 19139
2692 gi|92 19144 19555
2693 gi|92 20015 21218
2694 gi|92 27109 27389
2695 gi|92 27760 28021
2696 gi|92 37810 37970
2697 gi|93 5992 6119
2698 gi|93 7895 7954
2699 gi|93 9156 9700
2700 gi|93 10418 10708
2701 gi|93 10691 10765
2702 gi|93 12882 13409
2703 gi|93 13997 14246
2704 gi|93 15414 15529
2705 gi|94 1 844
2706 gi|94 840 1235
2707 gi|94 1762 2073
2708 gi|94 2971 3060
2709 gi|94 3123 3381
2710 gi|94 3574 3876
2711 gi|94 3745 45075
2712 gi|95 1 29390
2713 gi|96 782 1045
2714 gi|96 2436 2725
2715 gi|96 2934 3381
2716 gi|96 4501 4647
2717 gi|96 5143 5407
2718 gi|96 5413 6128
2719 gi|96 7594 7718
2720 gi|96 17256 20526
2721 gi|96 21997 22988
2722 gi|96 23283 23496
2723 gi|96 25019 25063
2724 gi|96 28526 28804
2725 gi|96 28803 29073
2726 gi|96 29467 29521
2727 gi|96 31947 32581
2728 gi|96 33827 34690
2729 gi|96 35079 35296
2730 gi|96 35829 36364
2731 gi|97 20026 20129
2732 gi|97 22985 23232
2733 gi|97 23614 23904
2734 gi|97 24067 24519
2735 gi|97 29490 33166
2736 gi|98 52 357
2737 gi|98 2519 2722
2738 gi|98 2901 3039
2739 gi|98 9007 9107
2740 gi|98 10025 10071
2741 gi|98 10136 10218
2742 gi|98 10225 10305
2743 gi|98 13674 13831
2744 gi|98 18078 18764
2745 gi|98 20299 20387
2746 gi|98 20504 20577
2747 gi|98 23573 23867
2748 gi|98 26587 26991
2749 gi|98 27156 27254
2750 gi|98 30315 30351
2751 gi|98 32645 33206
2752 gi|98 35429 36397
2753 gi|98 37287 38343
2754 gi|98 39834 40062
2755 gi|99 1 214
