NC_057370.1
1 531018
531114 1428179
1428334 1434832
1434953 3358403
NC_057371.1
1 454920
455004 1037713
1039248 1770317
1770504 2093991
2094201 2785526
2785626 2895836
NC_057372.1
1 148841
149243 149411
149479 149622
150037 150123
150488 150855
151186 151278
151902 152080
152441 152504
153682 153754
155058 158352
158421 158654
158786 158974
159047 159367
159435 159800
159893 160085
160177 160253
160356 160690
160787 160935
161009 161082
161148 161398
161932 372722
372791 579772
579859 1924927
1924995 2233895
2233972 2662621
2662697 3532025
NC_057373.1
1 427100
427196 1095297
1095412 1147075
1147147 1186898
1186964 1224203
1224306 1254341
1254533 1264576
1264663 1613268
1613362 1689985
1690102 1735968
1736039 1829637
1829716 1897142
1897208 1937144
1937215 1975991
1976123 2192646
2192713 2557181
2557254 2564283
2564462 2564562
2564684 2565332
2565601 2935103
2935199 3756861
NC_057374.1
1 982151
982252 982814
982899 1172077
1172201 1805122
1805243 2163075
NC_057375.1
1 2024699
2024774 2025131
2025201 2432125
NC_057376.1
1 783152
783274 789610
789704 790533
790644 855809
855880 859825
859947 868930
869025 1075140
1075227 1664255
1664323 1665273
1665355 2303118
NC_057377.1
1 95924
96107 96162
96361 96470
96603 96690
97354 477454
477567 505631
505790 2132961
NC_057378.1
1 1465550
1465790 1465885
1465951 1466488
1466677 1472928
1473075 1473130
1473281 1473995
1474081 1474177
1474243 1474335
1474425 1474506
1475036 1689346
1689446 2268458
NC_057379.1
1 255356
255468 268900
268987 630173
630246 1117421
1117504 1191494
1191709 1191950
1192037 1192369
1192519 1355173
1355284 1883869
1883962 1956169
1956532 2166229
NC_057380.1
1 1218945
1219231 1219503
1219606 1227150
1227456 1227507
1227807 1227886
1228019 1228110
1228486 2099829
NC_057381.1
1 75075
76159 112042
112257 112568
112682 1158407
1158479 1953953
NC_057382.1
1 653603
653693 655024
655139 655434
655505 686447
686524 862409
864032 871320
871558 871750
872065 2271624
NC_057383.1
1 157476
157586 922167
922241 2094219
NC_057384.1
1 825872
825969 826183
826503 893801
893879 893949
894107 894212
894467 894529
894608 894901
895257 1669390
NC_057385.1
1 465781
465877 466294
466394 779565
779690 785081
785161 786887
786997 870645
870744 974879
974997 979491
979584 1304327
1304417 2321499
2321588 2545655
2545749 2789640
2789737 3063177
3063261 3077531
3077597 3106986
3107109 3535454
3535614 3535673
3535753 3535913
3535991 3536099
3536253 3536454
3536674 3605667
