NC_057370.1
1 1428179
1428323 1547381
1547450 2198285
2198377 2235494
2235610 2298432
2298519 2338066
2338163 2395880
2395974 2398866
2398938 2827421
2827516 3358403
NC_057371.1
1 1037713
1039248 1111204
1111308 1114334
1114421 1146462
1146566 1567018
1567120 1770315
1770516 1775294
1775367 1782815
1782885 2785524
2785628 2895836
NC_057372.1
1 148420
155121 158223
161932 1107654
1107779 1200456
1200522 1255137
1255291 2662488
2662697 2687968
2688167 2906376
2906693 3532025
NC_057373.1
1 1131794
1131918 1147075
1147313 1186898
1187091 1264576
1264693 1268484
1268578 1471603
1471786 1531171
1531297 1604290
1604539 1605066
1605149 1613268
1613391 1736410
1736492 1782779
1782917 1936125
1936304 1937106
1937215 1942448
1942563 1945948
1946040 1975991
1976123 2158736
2158828 3019521
3019820 3028654
3028729 3756861
NC_057374.1
1 937075
937167 1016224
1016309 1018314
1018383 1023235
1023332 1172077
1172200 2163075
NC_057375.1
1 1952931
1953005 2432125
NC_057376.1
1 783152
783274 790533
790644 859825
859947 868930
869050 930229
930330 930800
930914 937110
937184 1036078
1036301 2303118
NC_057377.1
1 96005
97353 2132961
NC_057378.1
1 926406
926490 952125
952212 1073047
1073124 1093386
1093472 1473995
1474218 1474336
1474424 1474576
1475036 1689305
1689376 2268458
NC_057379.1
1 255356
255468 268900
268994 1883869
1883962 1884270
1884342 1956168
1956532 2166229
NC_057380.1
1 1218945
1219258 1219503
1219643 1227193
1227456 1227886
1228321 2099829
NC_057381.1
1 75075
76160 112519
112766 1953953
NC_057382.1
1 862404
864035 871319
871558 871757
872081 2271624
NC_057383.1
1 749386
749456 749979
750045 750813
750884 776562
776700 2094219
NC_057384.1
1 520547
520625 522341
522515 523036
523118 894020
894653 1594780
1594846 1669390
NC_057385.1
1 1165303
1165394 1165521
1165667 1166481
1166577 1811686
1811771 1845165
1845287 1871465
1871566 2311953
2312026 2321496
2321594 2337517
2337665 2382081
2382192 2736341
2736432 2769602
2769736 2785920
2786145 2786276
2786414 2789641
2789737 3106986
3107109 3114732
3114806 3246607
3246697 3257742
3257850 3535337
3536674 3605667
