NC_057370.1
1 37216
605498 605712
637913 638220
800060 800343
803642 803765
911741 911837
913874 913976
929215 930386
950631 951807
1041497 1042795
1232921 1233337
1254176 1254398
1451100 1451306
1534194 1534375
1556100 1556877
1568216 1568910
1702923 1703802
1708758 1708965
1956654 1956836
2140555 2140707
2220208 2220430
2309640 2309849
2356901 2357090
2494948 2495146
2692729 2694215
2762785 2762954
2808580 2810151
2949738 2949952
2972739 2974275
3084211 3084362
3105594 3106291
3117165 3117698
3117801 3117892
3121570 3121691
3129986 3130189
3143405 3143662
3152465 3155648
3175204 3175349
3180571 3180789
3181009 3181748
3192595 3193538
3195046 3195977
NC_057371.1
1 1473
8266 18367
22722 23167
23243 23317
23500 23709
23797 24409
24495 24670
24836 24909
25297 25358
25472 25544
26155 26675
225688 227874
254998 255735
267733 268437
271015 271229
424854 425068
462352 462557
481371 481590
489566 490322
494352 494478
620644 620778
648325 648513
668027 668213
837176 838653
1056382 1056526
1338658 1339278
1346261 1347903
1676684 1676942
1679562 1680791
1981367 1982282
2272009 2272188
2838365 2838888
2840141 2844794
2861583 2861947
2862289 2863543
2895775 2895836
NC_057372.1
1 89
1097737 1098507
1554819 1555373
2048438 2048730
2340728 2340936
2350542 2350797
2533044 2533258
2651020 2653394
2672098 2673398
2683327 2683417
3037815 3038771
3056107 3056388
3439197 3439382
NC_057373.1
1 286
684 2992
9876 12727
15946 17924
233042 234092
235242 241592
245784 245860
246822 246930
265876 269414
300646 300955
389804 391791
433676 433934
641793 646779
649852 663680
671294 671616
888525 889331
2495163 2498068
2579549 2580385
2758393 2759178
2782476 2782783
3002299 3002582
3245564 3245990
3249484 3249670
3249924 3250368
3253346 3254932
3255378 3255505
3255759 3255897
3573679 3573986
3598724 3598901
3599182 3599747
NC_057374.1
116841 119551
141618 144278
150410 150632
240451 240643
259536 262216
376688 377413
377539 377846
462483 462784
511663 522358
535988 537566
538234 540335
671100 672019
755730 762985
801090 802942
803906 804375
861619 865146
948237 948464
981856 981976
982275 983636
1028496 1031400
1445636 1451435
1490133 1495660
1648848 1649950
2002275 2002509
2065229 2066154
NC_057375.1
1 3222
14325 15015
22997 23172
66071 66222
68504 68927
79000 79109
79412 80616
544844 545071
574987 575354
583529 583774
589208 590132
1003649 1003856
1074769 1075009
1079043 1079471
1158539 1158703
1201533 1202594
1242930 1243152
1318438 1318623
1321509 1321958
1413274 1414533
1439915 1440931
1503559 1506132
1532722 1533034
1545472 1545687
1688437 1688589
1716817 1717044
1717597 1717665
1717735 1717938
1718024 1718212
1718420 1718530
1718688 1718799
1718902 1718970
1719129 1724395
1859856 1860023
1860265 1860787
1864160 1866271
1877204 1877342
2043955 2050527
2110683 2112052
2142417 2143748
2189575 2191013
2367262 2367453
2432048 2432125
NC_057376.1
1 2748
4068 4352
21069 21642
341910 342197
457311 461425
768418 768570
1047889 1048038
1147232 1147289
1161254 1165076
1669778 1670756
1670947 1671007
1671924 1671989
1672190 1672262
1672740 1673029
1673172 1673230
1679727 1680091
1912890 1913050
1972644 1973239
1973538 1978943
2000710 2000882
2006416 2008028
2008373 2008437
2011109 2011481
2157464 2158750
2159873 2160411
NC_057377.1
1 5399
23083 23251
NC_057378.1
1 2633
11387 11686
12198 16486
187694 187852
365316 365472
454749 455000
462816 463107
609762 609988
690264 690460
715539 716290
791420 791568
808745 808913
809632 810260
818101 818423
945315 946106
995124 997716
998034 998204
1033342 1035731
1077463 1078195
1131852 1133618
1433665 1433837
1598226 1598477
1599422 1599861
1600158 1601643
1605822 1605899
1680130 1680669
1703799 1704784
1704974 1705425
1705601 1706174
1706335 1707169
1707274 1707463
1709138 1712857
1712962 1713151
1715936 1718817
1719368 1722155
1725060 1725218
1726746 1727015
1736741 1737333
1737420 1737854
1750367 1750603
1938303 1940012
1992444 1992904
2012584 2012807
2012934 2013011
2016012 2016263
2050713 2051712
2264194 2264407
2264491 2264675
2265565 2268458
NC_057379.1
1 48695
262981 265264
286726 292083
417723 419841
451706 451842
516003 516155
545809 545909
795648 795805
883075 883712
909380 913164
973006 973136
1038891 1039811
1065469 1065677
1071366 1071785
1130197 1130440
1170970 1176663
1191828 1193767
1229908 1232466
1233128 1233268
1326049 1326715
1330907 1331068
1331675 1332612
1345546 1346687
1409209 1409379
1493370 1493547
1495693 1496036
1496655 1496860
1591661 1591981
1592455 1592606
1592823 1593354
1593443 1593728
1594103 1594266
1662408 1662568
1955994 1956170
1956532 1956786
1959090 1965957
1975139 1975193
1993109 2004349
2004636 2047188
2047594 2054461
2055108 2064920
2065354 2117662
NC_057380.1
1 870
290774 291623
458590 460185
460924 463292
467121 467362
468935 469106
522351 526693
634326 634854
636035 636292
1017998 1019706
1032175 1032294
1189420 1189933
1205875 1304774
1304892 1305272
1305357 1305542
1305915 1306232
1306454 1306507
1307728 1307794
1307862 1308061
1308157 1308408
1309328 1309426
1310382 1310435
1310759 1311007
1311104 1320684
1320966 1348783
1349099 1538223
1781830 1831372
1916647 2031497
2032131 2074268
2075312 2094367
2094653 2095132
2095269 2099829
NC_057381.1
1 77
174442 174594
485926 488676
488983 489530
489828 489944
490167 495581
495683 496418
572176 572441
574779 574916
577133 577283
588089 588255
588453 588599
589012 589228
589499 589782
590153 590291
590497 590596
593429 593768
593863 594556
595833 596193
596484 599536
603978 604041
604134 604807
605019 605098
606337 606394
608489 608544
609048 610287
628029 629798
646944 647099
691203 691352
699139 700159
715812 716508
717864 718522
719485 719655
942331 951058
960057 964445
981096 981255
1075262 1076225
1078402 1079327
1186355 1186541
1546136 1546509
1798038 1801184
1801347 1802672
1847429 1847682
1859542 1861350
1863023 1864052
1876489 1876862
1899081 1899550
1914419 1919741
1920637 1920888
1921827 1921917
1924561 1925049
1930546 1931502
1950478 1953953
NC_057382.1
150541 150785
153058 153216
155258 156913
308981 368472
369086 369992
374915 388879
393456 394642
394849 407252
407792 407870
408871 410297
410468 470587
484532 486214
488842 494564
500968 501789
503371 503690
504259 508718
509153 518114
520230 521184
521469 526614
527170 528020
601181 602077
602145 602289
933946 934457
936140 940162
942648 943958
970028 972711
1004415 1004992
1147002 1147576
1204977 1206021
1236670 1237038
1240614 1241820
1265596 1265722
1271595 1272370
1290218 1292218
1317278 1318615
1385295 1385520
1502333 1502496
1509571 1509715
1514879 1514975
1592443 1595319
1601585 1601850
1637749 1637998
1657149 1657340
1812031 1812175
1838398 1839835
1941410 1942744
2015409 2015560
2073352 2073818
2136275 2137471
2267338 2269147
2269468 2269525
2270317 2271624
NC_057383.1
66398 66541
143637 144084
146902 148777
153692 153885
216355 217094
797380 801418
803856 809831
878440 879031
1238538 1256931
1367799 1369647
1407388 1407560
1463272 1469543
1476462 1476689
1479060 1479282
1598908 1599097
1623211 1623419
1637782 1638026
1641902 1642004
1642308 1644122
1676635 1688811
1943139 1943305
2081838 2094219
NC_057384.1
1 896
168860 169146
169680 176889
178773 179012
187365 187902
192512 193101
330439 330662
340901 340998
379721 379875
439891 440052
463546 463825
474843 475037
687257 688775
972592 972817
1048949 1049219
1051104 1054967
1071023 1071337
1084334 1084557
1186617 1188835
1198110 1199832
1200106 1202021
1203993 1204098
1216337 1216902
1309503 1310956
1311217 1311433
1312328 1314104
1318903 1320151
1669324 1669390
NC_057385.1
255879 256045
473674 474402
488874 495478
503020 511001
517718 521191
521692 522241
636244 643081
644662 648536
1001370 1001592
1465193 1471628
1812365 1813376
2879925 2880108
