94
602
745
746
747
762
763
1030
1031
1062
1239
1270
1348
1353
1354
1356
1417
1418
1559
1876
1878
1879
1880
1970
1971
1996
1997
2500
2501
2939
2944
2945
2946
3048
3049
3050
3051
3052
3279
3344
3372
3373
3449
3450
3486
3487
3548
3693
3694
3758
3760
3761
3762
3763
3764
3765
3766
3767
3768
3810
3811
3815
3816
3818
3820
3821
3823
3824
3829
3830
3832
3833
3835
3836
3838
3846
3850
3851
3852
3857
3859
3860
3861
3863
3864
3866
3867
3869
3870
3885
3886
3888
4184
4955
4956
5057
5058
5100
5120
5121
5134
5135
5197
5200
5201
5202
5203
5204
5267
