13
178
179
486
641
642
647
648
715
1003
1004
1130
1131
1132
1174
1175
1222
1223
1267
1268
1350
1391
1392
1573
1622
1679
1783
1944
1945
1975
1976
2475
2805
2999
3284
3285
3336
3337
3402
3403
3680
3703
3748
3864
3865
3866
3867
3869
3870
3959
3960
3971
4002
4003
4057
4150
4213
4278
4870
4871
5075
5131
5132
5586
5587
5842
6140
6153
6154
6439
6582
6761
6762
7155
7286
7413
7414
7628
7731
7829
7968
7970
7971
7972
7973
7974
8138
8139
8466
8792
8826
8827
8828
8829
8831
8832
8833
8835
8982
8983
8984
8989
8990
8991
8995
8996
8997
9017
9018
9121
9127
9197
9198
9539
9540
9711
9779
9841
9842
9843
9844
